(0.02, -0.53, 0.09)(0.04, -0.56, 0.12)(0.05, -0.54, 0.09)(0.08, -0.57, 0.10)(0.09, -0.60, 0.11)(0.09, -0.61, 0.12)(0.04, -0.55, 0.10)(0.08, -0.57, 0.13)(0.09, -0.61, 0.14)(0.09, -0.62, 0.12)(0.08, -0.62, 0.11)(0.03, -0.55, 0.10)(0.06, -0.58, 0.14)(0.07, -0.62, 0.13)(0.06, -0.61, 0.11)(0.06, -0.60, 0.10)(0.02, -0.55, 0.10)(0.04, -0.58, 0.14)(0.05, -0.62, 0.12)(0.05, -0.61, 0.10)(0.04, -0.59, 0.10)(0.01, -0.55, 0.10)(0.02, -0.59, 0.13)(0.03, -0.61, 0.12)(0.03, -0.60, 0.10)(0.03, -0.59, 0.10)
(0.02, -0.53, 0.09)(0.04, -0.56, 0.12)(0.05, -0.54, 0.09)(0.08, -0.57, 0.10)(0.09, -0.60, 0.11)(0.09, -0.61, 0.12)(0.04, -0.55, 0.10)(0.08, -0.57, 0.13)(0.09, -0.61, 0.14)(0.09, -0.62, 0.12)(0.08, -0.62, 0.11)(0.03, -0.55, 0.10)(0.06, -0.58, 0.14)(0.07, -0.62, 0.13)(0.06, -0.61, 0.11)(0.06, -0.60, 0.10)(0.02, -0.55, 0.10)(0.04, -0.58, 0.14)(0.05, -0.62, 0.12)(0.05, -0.61, 0.10)(0.04, -0.59, 0.10)(0.01, -0.55, 0.10)(0.02, -0.59, 0.13)(0.03, -0.61, 0.12)(0.03, -0.60, 0.10)(0.03, -0.59, 0.10)
(0.02, -0.53, 0.09)(0.04, -0.56, 0.12)(0.05, -0.54, 0.09)(0.08, -0.57, 0.10)(0.09, -0.60, 0.11)(0.09, -0.61, 0.12)(0.04, -0.55, 0.10)(0.08, -0.57, 0.13)(0.09, -0.61, 0.14)(0.09, -0.62, 0.12)(0.08, -0.62, 0.11)(0.03, -0.55, 0.10)(0.06, -0.58, 0.14)(0.07, -0.62, 0.13)(0.06, -0.61, 0.11)(0.06, -0.60, 0.10)(0.02, -0.55, 0.10)(0.04, -0.58, 0.14)(0.05, -0.62, 0.12)(0.05, -0.61, 0.10)(0.04, -0.59, 0.10)(0.01, -0.55, 0.10)(0.02, -0.59, 0.13)(0.03, -0.61, 0.12)(0.03, -0.60, 0.10)(0.03, -0.59, 0.10)
(0.02, -0.53, 0.09)(0.04, -0.56, 0.12)(0.05, -0.54, 0.09)(0.08, -0.57, 0.10)(0.09, -0.60, 0.11)(0.09, -0.61, 0.12)(0.04, -0.55, 0.10)(0.08, -0.57, 0.13)(0.09, -0.61, 0.14)(0.09, -0.62, 0.12)(0.08, -0.62, 0.11)(0.03, -0.55, 0.10)(0.06, -0.58, 0.14)(0.07, -0.62, 0.13)(0.06, -0.61, 0.11)(0.06, -0.60, 0.10)(0.02, -0.55, 0.10)(0.04, -0.58, 0.14)(0.05, -0.62, 0.12)(0.05, -0.61, 0.10)(0.04, -0.59, 0.10)(0.01, -0.55, 0.10)(0.02, -0.59, 0.13)(0.03, -0.61, 0.12)(0.03, -0.60, 0.10)(0.03, -0.59, 0.10)
(-0.07, -0.39, 0.10)(-0.07, -0.38, 0.15)(-0.05, -0.37, 0.12)(-0.02, -0.35, 0.14)(-0.01, -0.34, 0.17)(-0.01, -0.33, 0.19)(-0.06, -0.38, 0.12)(-0.04, -0.35, 0.18)(-0.02, -0.36, 0.20)(-0.01, -0.38, 0.19)(-0.02, -0.38, 0.17)(-0.07, -0.39, 0.12)(-0.06, -0.37, 0.18)(-0.03, -0.39, 0.20)(-0.02, -0.40, 0.18)(-0.03, -0.39, 0.16)(-0.07, -0.39, 0.12)(-0.07, -0.39, 0.18)(-0.04, -0.41, 0.20)(-0.03, -0.41, 0.17)(-0.04, -0.40, 0.16)(-0.08, -0.40, 0.12)(-0.07, -0.41, 0.18)(-0.06, -0.42, 0.19)(-0.05, -0.42, 0.17)(-0.05, -0.41, 0.16)
(-0.12, -0.21, 0.13)(-0.12, -0.19, 0.18)(-0.10, -0.19, 0.15)(-0.07, -0.16, 0.17)(-0.07, -0.15, 0.20)(-0.06, -0.13, 0.21)(-0.11, -0.20, 0.15)(-0.10, -0.16, 0.20)(-0.08, -0.17, 0.23)(-0.07, -0.19, 0.21)(-0.08, -0.18, 0.20)(-0.11, -0.20, 0.15)(-0.12, -0.17, 0.20)(-0.09, -0.19, 0.23)(-0.08, -0.20, 0.20)(-0.09, -0.19, 0.19)(-0.12, -0.21, 0.15)(-0.13, -0.19, 0.20)(-0.10, -0.21, 0.23)(-0.09, -0.21, 0.20)(-0.10, -0.20, 0.19)(-0.13, -0.21, 0.16)(-0.13, -0.21, 0.21)(-0.12, -0.22, 0.22)(-0.11, -0.22, 0.21)(-0.11, -0.21, 0.19)
(-0.12, -0.21, 0.13)(-0.12, -0.19, 0.18)(-0.10, -0.19, 0.15)(-0.07, -0.16, 0.17)(-0.07, -0.15, 0.20)(-0.06, -0.13, 0.21)(-0.11, -0.20, 0.15)(-0.10, -0.16, 0.20)(-0.08, -0.17, 0.23)(-0.07, -0.19, 0.21)(-0.08, -0.18, 0.20)(-0.11, -0.20, 0.15)(-0.12, -0.17, 0.20)(-0.09, -0.19, 0.23)(-0.08, -0.20, 0.20)(-0.09, -0.19, 0.19)(-0.12, -0.21, 0.15)(-0.13, -0.19, 0.20)(-0.10, -0.21, 0.23)(-0.09, -0.21, 0.20)(-0.10, -0.20, 0.19)(-0.13, -0.21, 0.16)(-0.13, -0.21, 0.21)(-0.12, -0.22, 0.22)(-0.11, -0.22, 0.21)(-0.11, -0.21, 0.19)
(-0.11, -0.10, 0.19)(-0.11, -0.07, 0.22)(-0.08, -0.09, 0.20)(-0.05, -0.07, 0.22)(-0.04, -0.05, 0.24)(-0.03, -0.03, 0.25)(-0.09, -0.09, 0.20)(-0.08, -0.05, 0.25)(-0.07, -0.07, 0.28)(-0.08, -0.08, 0.26)(-0.08, -0.09, 0.24)(-0.10, -0.09, 0.20)(-0.10, -0.05, 0.24)(-0.09, -0.08, 0.28)(-0.09, -0.09, 0.25)(-0.09, -0.09, 0.23)(-0.12, -0.09, 0.20)(-0.12, -0.06, 0.24)(-0.11, -0.09, 0.27)(-0.10, -0.10, 0.25)(-0.10, -0.09, 0.23)(-0.12, -0.09, 0.20)(-0.13, -0.07, 0.25)(-0.13, -0.09, 0.26)(-0.12, -0.10, 0.25)(-0.11, -0.10, 0.23)
(-0.07, -0.02, 0.26)(-0.07, 0.00, 0.30)(-0.05, -0.02, 0.28)(-0.01, -0.01, 0.31)(0.01, 0.00, 0.33)(0.03, 0.01, 0.33)(-0.06, -0.02, 0.28)(-0.04, 0.02, 0.33)(-0.05, 0.00, 0.36)(-0.05, -0.02, 0.34)(-0.05, -0.02, 0.33)(-0.06, -0.01, 0.28)(-0.06, 0.02, 0.33)(-0.07, -0.01, 0.36)(-0.06, -0.02, 0.33)(-0.06, -0.02, 0.32)(-0.08, -0.01, 0.28)(-0.08, 0.02, 0.32)(-0.08, -0.01, 0.35)(-0.07, -0.02, 0.33)(-0.07, -0.02, 0.31)(-0.08, -0.01, 0.28)(-0.10, 0.01, 0.32)(-0.10, -0.01, 0.34)(-0.09, -0.02, 0.32)(-0.08, -0.02, 0.31)
(-0.01, -0.01, 0.30)(-0.01, 0.02, 0.35)(0.01, -0.01, 0.32)(0.05, 0.00, 0.34)(0.07, 0.01, 0.36)(0.09, 0.01, 0.36)(0.00, 0.00, 0.32)(0.02, 0.02, 0.37)(0.02, 0.00, 0.40)(0.01, -0.01, 0.38)(0.01, -0.01, 0.36)(-0.01, 0.00, 0.32)(0.00, 0.03, 0.37)(0.00, 0.00, 0.40)(0.00, -0.01, 0.37)(0.00, -0.01, 0.35)(-0.02, 0.00, 0.32)(-0.02, 0.03, 0.37)(-0.02, 0.00, 0.39)(-0.02, -0.01, 0.37)(-0.01, 0.00, 0.35)(-0.03, 0.00, 0.32)(-0.04, 0.02, 0.37)(-0.04, 0.00, 0.38)(-0.03, -0.01, 0.37)(-0.02, 0.00, 0.36)
(0.00, -0.01, 0.30)(0.00, 0.01, 0.34)(0.02, -0.01, 0.32)(0.06, -0.01, 0.34)(0.09, 0.00, 0.36)(0.11, 0.01, 0.35)(0.01, -0.01, 0.32)(0.04, 0.02, 0.37)(0.03, -0.01, 0.40)(0.02, -0.02, 0.38)(0.02, -0.01, 0.36)(0.01, -0.01, 0.32)(0.02, 0.02, 0.37)(0.01, -0.01, 0.39)(0.01, -0.02, 0.37)(0.01, -0.01, 0.35)(-0.01, 0.00, 0.32)(0.00, 0.02, 0.36)(-0.01, -0.01, 0.39)(0.00, -0.01, 0.37)(0.00, -0.01, 0.35)(-0.01, 0.00, 0.32)(-0.02, 0.02, 0.37)(-0.03, 0.00, 0.38)(-0.02, -0.01, 0.37)(-0.01, -0.01, 0.36)
(-0.06, 0.00, 0.30)(-0.07, 0.02, 0.34)(-0.04, 0.00, 0.32)(-0.01, 0.00, 0.34)(0.02, 0.01, 0.36)(0.04, 0.02, 0.35)(-0.05, 0.00, 0.32)(-0.04, 0.03, 0.37)(-0.04, 0.00, 0.39)(-0.05, -0.01, 0.37)(-0.05, 0.00, 0.36)(-0.06, 0.00, 0.32)(-0.06, 0.03, 0.36)(-0.06, 0.00, 0.39)(-0.06, -0.01, 0.37)(-0.06, 0.00, 0.35)(-0.07, 0.01, 0.31)(-0.08, 0.03, 0.36)(-0.08, 0.00, 0.39)(-0.08, -0.01, 0.37)(-0.07, 0.00, 0.35)(-0.08, 0.01, 0.31)(-0.10, 0.03, 0.36)(-0.10, 0.01, 0.38)(-0.10, 0.00, 0.37)(-0.08, 0.00, 0.36)
(-0.15, -0.01, 0.28)(-0.16, 0.02, 0.32)(-0.13, -0.01, 0.30)(-0.10, 0.00, 0.33)(-0.08, 0.01, 0.35)(-0.06, 0.01, 0.35)(-0.15, 0.00, 0.30)(-0.13, 0.03, 0.35)(-0.14, 0.00, 0.37)(-0.15, -0.01, 0.35)(-0.14, -0.01, 0.34)(-0.15, 0.00, 0.30)(-0.15, 0.03, 0.34)(-0.16, 0.00, 0.37)(-0.16, -0.01, 0.34)(-0.15, 0.00, 0.33)(-0.16, 0.00, 0.29)(-0.17, 0.03, 0.34)(-0.18, 0.00, 0.36)(-0.17, -0.01, 0.35)(-0.16, 0.00, 0.33)(-0.17, 0.00, 0.29)(-0.19, 0.02, 0.33)(-0.20, 0.01, 0.35)(-0.19, 0.00, 0.34)(-0.18, 0.00, 0.33)
(-0.19, -0.01, 0.26)(-0.21, 0.01, 0.30)(-0.18, -0.02, 0.29)(-0.15, -0.01, 0.32)(-0.13, -0.01, 0.34)(-0.11, 0.00, 0.35)(-0.19, -0.01, 0.28)(-0.19, 0.02, 0.34)(-0.20, -0.01, 0.36)(-0.20, -0.02, 0.34)(-0.19, -0.01, 0.32)(-0.20, -0.01, 0.28)(-0.20, 0.02, 0.33)(-0.22, -0.01, 0.35)(-0.21, -0.02, 0.33)(-0.20, -0.01, 0.31)(-0.21, 0.00, 0.27)(-0.22, 0.02, 0.32)(-0.23, -0.01, 0.34)(-0.22, -0.02, 0.32)(-0.21, -0.01, 0.31)(-0.22, -0.01, 0.27)(-0.24, 0.02, 0.31)(-0.25, 0.00, 0.33)(-0.24, -0.01, 0.32)(-0.23, -0.01, 0.31)
(-0.17, -0.02, 0.26)(-0.18, 0.01, 0.30)(-0.16, -0.02, 0.29)(-0.13, -0.01, 0.32)(-0.11, -0.01, 0.35)(-0.09, -0.01, 0.35)(-0.17, -0.01, 0.29)(-0.16, 0.02, 0.34)(-0.17, 0.00, 0.36)(-0.18, -0.02, 0.34)(-0.17, -0.02, 0.33)(-0.17, -0.01, 0.28)(-0.18, 0.02, 0.33)(-0.20, 0.00, 0.36)(-0.19, -0.02, 0.33)(-0.18, -0.01, 0.32)(-0.18, -0.01, 0.28)(-0.20, 0.02, 0.32)(-0.21, 0.00, 0.35)(-0.20, -0.02, 0.33)(-0.19, -0.01, 0.32)(-0.19, -0.01, 0.27)(-0.22, 0.02, 0.31)(-0.23, 0.01, 0.33)(-0.22, -0.01, 0.32)(-0.21, -0.01, 0.32)
(-0.10, -0.02, 0.28)(-0.11, 0.01, 0.32)(-0.08, -0.02, 0.30)(-0.05, -0.01, 0.34)(-0.03, -0.01, 0.36)(-0.01, -0.01, 0.36)(-0.09, -0.01, 0.30)(-0.09, 0.02, 0.35)(-0.10, 0.00, 0.38)(-0.10, -0.01, 0.36)(-0.10, -0.01, 0.34)(-0.10, -0.01, 0.30)(-0.11, 0.03, 0.34)(-0.12, 0.00, 0.37)(-0.11, -0.02, 0.35)(-0.11, -0.01, 0.34)(-0.11, -0.01, 0.29)(-0.12, 0.02, 0.34)(-0.14, 0.00, 0.36)(-0.13, -0.01, 0.35)(-0.12, -0.01, 0.33)(-0.12, -0.01, 0.29)(-0.14, 0.02, 0.33)(-0.15, 0.01, 0.35)(-0.15, 0.00, 0.34)(-0.13, 0.00, 0.33)
(-0.02, -0.01, 0.29)(-0.02, 0.01, 0.33)(0.00, -0.01, 0.31)(0.04, -0.01, 0.33)(0.07, -0.01, 0.35)(0.09, -0.01, 0.35)(-0.01, -0.01, 0.31)(0.01, 0.03, 0.36)(0.01, 0.00, 0.38)(0.00, -0.01, 0.36)(0.00, -0.01, 0.35)(-0.01, -0.01, 0.30)(-0.01, 0.03, 0.35)(-0.01, 0.00, 0.38)(-0.01, -0.01, 0.36)(-0.01, -0.01, 0.34)(-0.03, 0.00, 0.30)(-0.03, 0.03, 0.35)(-0.03, 0.00, 0.38)(-0.03, -0.01, 0.36)(-0.02, 0.00, 0.34)(-0.03, 0.00, 0.30)(-0.05, 0.02, 0.35)(-0.05, 0.01, 0.37)(-0.05, 0.00, 0.36)(-0.03, 0.00, 0.35)
(0.03, -0.01, 0.28)(0.03, 0.01, 0.32)(0.05, -0.02, 0.30)(0.09, -0.01, 0.32)(0.12, -0.01, 0.33)(0.14, -0.01, 0.33)(0.04, -0.01, 0.30)(0.07, 0.02, 0.35)(0.07, 0.00, 0.37)(0.06, -0.02, 0.36)(0.05, -0.01, 0.34)(0.03, -0.01, 0.30)(0.05, 0.03, 0.35)(0.04, 0.00, 0.38)(0.04, -0.02, 0.35)(0.04, -0.01, 0.34)(0.02, 0.00, 0.30)(0.03, 0.03, 0.35)(0.02, 0.00, 0.37)(0.03, -0.01, 0.36)(0.03, -0.01, 0.34)(0.01, 0.00, 0.30)(0.01, 0.02, 0.35)(0.00, 0.01, 0.36)(0.01, 0.00, 0.36)(0.02, 0.00, 0.34)
(0.02, -0.01, 0.28)(0.02, 0.01, 0.32)(0.04, -0.01, 0.30)(0.08, -0.01, 0.32)(0.11, -0.01, 0.33)(0.13, -0.02, 0.33)(0.03, -0.01, 0.30)(0.06, 0.02, 0.35)(0.05, 0.00, 0.37)(0.04, -0.01, 0.36)(0.04, -0.01, 0.34)(0.02, 0.00, 0.30)(0.04, 0.03, 0.34)(0.03, 0.00, 0.38)(0.03, -0.01, 0.35)(0.03, -0.01, 0.34)(0.01, 0.00, 0.30)(0.02, 0.03, 0.34)(0.01, 0.01, 0.37)(0.01, -0.01, 0.36)(0.02, 0.00, 0.34)(0.00, 0.00, 0.30)(-0.01, 0.03, 0.34)(-0.01, 0.02, 0.36)(-0.01, 0.00, 0.35)(0.00, 0.00, 0.34)
(-0.06, -0.01, 0.28)(-0.05, 0.02, 0.32)(-0.04, -0.01, 0.30)(0.00, -0.01, 0.32)(0.03, -0.01, 0.34)(0.05, -0.01, 0.33)(-0.04, -0.01, 0.30)(-0.02, 0.02, 0.35)(-0.03, 0.00, 0.37)(-0.04, -0.01, 0.36)(-0.04, -0.01, 0.34)(-0.05, 0.00, 0.30)(-0.04, 0.03, 0.34)(-0.05, 0.00, 0.38)(-0.05, -0.01, 0.35)(-0.05, -0.01, 0.34)(-0.06, 0.00, 0.29)(-0.06, 0.03, 0.34)(-0.07, 0.01, 0.37)(-0.07, -0.01, 0.36)(-0.06, 0.00, 0.34)(-0.07, 0.00, 0.29)(-0.08, 0.03, 0.34)(-0.09, 0.02, 0.36)(-0.09, 0.00, 0.35)(-0.08, 0.00, 0.34)
(-0.12, -0.01, 0.27)(-0.13, 0.01, 0.31)(-0.10, -0.01, 0.29)(-0.07, -0.01, 0.31)(-0.04, -0.01, 0.33)(-0.02, -0.01, 0.33)(-0.11, -0.01, 0.29)(-0.10, 0.02, 0.34)(-0.10, 0.00, 0.37)(-0.11, -0.02, 0.35)(-0.11, -0.01, 0.33)(-0.12, -0.01, 0.29)(-0.12, 0.03, 0.33)(-0.12, 0.00, 0.37)(-0.12, -0.02, 0.34)(-0.12, -0.01, 0.33)(-0.13, 0.00, 0.28)(-0.14, 0.02, 0.33)(-0.15, 0.00, 0.36)(-0.14, -0.01, 0.34)(-0.13, -0.01, 0.33)(-0.14, 0.00, 0.28)(-0.16, 0.02, 0.33)(-0.17, 0.01, 0.35)(-0.16, 0.00, 0.34)(-0.15, -0.01, 0.33)
(-0.16, -0.01, 0.25)(-0.17, 0.01, 0.29)(-0.15, -0.02, 0.28)(-0.11, -0.02, 0.31)(-0.09, -0.02, 0.33)(-0.07, -0.02, 0.33)(-0.15, -0.01, 0.27)(-0.14, 0.02, 0.33)(-0.15, 0.00, 0.35)(-0.16, -0.02, 0.33)(-0.16, -0.01, 0.32)(-0.16, -0.01, 0.27)(-0.16, 0.03, 0.32)(-0.17, 0.00, 0.35)(-0.17, -0.02, 0.32)(-0.16, -0.01, 0.31)(-0.17, 0.00, 0.27)(-0.18, 0.02, 0.31)(-0.19, 0.00, 0.34)(-0.18, -0.01, 0.32)(-0.17, -0.01, 0.31)(-0.18, 0.00, 0.27)(-0.20, 0.02, 0.31)(-0.21, 0.01, 0.32)(-0.20, 0.00, 0.32)(-0.19, -0.01, 0.31)
(-0.18, -0.01, 0.25)(-0.19, 0.01, 0.29)(-0.16, -0.02, 0.27)(-0.13, -0.01, 0.30)(-0.11, -0.01, 0.33)(-0.09, -0.01, 0.33)(-0.17, -0.01, 0.27)(-0.17, 0.02, 0.32)(-0.18, 0.00, 0.35)(-0.18, -0.02, 0.33)(-0.18, -0.01, 0.31)(-0.18, -0.01, 0.27)(-0.18, 0.03, 0.31)(-0.20, 0.00, 0.34)(-0.19, -0.02, 0.32)(-0.18, -0.01, 0.30)(-0.19, 0.00, 0.26)(-0.20, 0.02, 0.30)(-0.22, 0.00, 0.33)(-0.21, -0.01, 0.31)(-0.19, -0.01, 0.30)(-0.20, 0.00, 0.26)(-0.22, 0.02, 0.30)(-0.23, 0.01, 0.31)(-0.22, -0.01, 0.31)(-0.21, -0.01, 0.30)
(-0.15, -0.01, 0.26)(-0.16, 0.01, 0.30)(-0.14, -0.01, 0.28)(-0.11, -0.01, 0.32)(-0.09, -0.01, 0.34)(-0.07, -0.01, 0.34)(-0.15, -0.01, 0.28)(-0.14, 0.02, 0.33)(-0.15, 0.00, 0.36)(-0.15, -0.01, 0.34)(-0.15, -0.01, 0.32)(-0.15, 0.00, 0.28)(-0.16, 0.03, 0.32)(-0.17, 0.00, 0.35)(-0.17, -0.01, 0.33)(-0.16, -0.01, 0.31)(-0.16, 0.00, 0.27)(-0.18, 0.03, 0.32)(-0.19, 0.00, 0.34)(-0.18, -0.01, 0.33)(-0.17, 0.00, 0.31)(-0.17, 0.00, 0.27)(-0.20, 0.02, 0.31)(-0.21, 0.01, 0.32)(-0.20, 0.00, 0.32)(-0.18, 0.00, 0.31)
(-0.09, 0.00, 0.27)(-0.10, 0.02, 0.31)(-0.07, -0.01, 0.30)(-0.04, -0.01, 0.33)(-0.02, -0.01, 0.35)(0.00, -0.01, 0.35)(-0.08, 0.00, 0.29)(-0.07, 0.03, 0.35)(-0.08, 0.01, 0.37)(-0.09, -0.01, 0.35)(-0.09, 0.00, 0.34)(-0.09, 0.00, 0.29)(-0.09, 0.04, 0.34)(-0.11, 0.01, 0.37)(-0.10, -0.01, 0.35)(-0.09, 0.00, 0.33)(-0.10, 0.01, 0.29)(-0.11, 0.03, 0.33)(-0.13, 0.01, 0.36)(-0.12, 0.00, 0.34)(-0.11, 0.00, 0.33)(-0.11, 0.01, 0.28)(-0.13, 0.03, 0.33)(-0.14, 0.02, 0.34)(-0.13, 0.01, 0.34)(-0.12, 0.01, 0.33)
(-0.01, -0.01, 0.28)(-0.02, 0.02, 0.32)(0.01, -0.01, 0.30)(0.04, -0.01, 0.33)(0.07, -0.01, 0.34)(0.09, -0.01, 0.34)(0.00, 0.00, 0.30)(0.01, 0.02, 0.35)(0.01, 0.00, 0.38)(0.00, -0.01, 0.36)(0.00, -0.01, 0.34)(-0.01, 0.00, 0.30)(0.00, 0.03, 0.35)(-0.01, 0.00, 0.38)(-0.01, -0.01, 0.35)(-0.01, 0.00, 0.34)(-0.02, 0.00, 0.30)(-0.02, 0.03, 0.34)(-0.03, 0.01, 0.37)(-0.03, -0.01, 0.36)(-0.02, 0.00, 0.34)(-0.03, 0.00, 0.30)(-0.05, 0.03, 0.34)(-0.05, 0.02, 0.36)(-0.05, 0.00, 0.35)(-0.03, 0.00, 0.34)
(0.04, -0.01, 0.28)(0.04, 0.01, 0.32)(0.06, -0.02, 0.30)(0.10, -0.02, 0.32)(0.13, -0.02, 0.34)(0.15, -0.02, 0.34)(0.05, -0.01, 0.30)(0.08, 0.01, 0.35)(0.07, -0.01, 0.38)(0.06, -0.02, 0.36)(0.06, -0.02, 0.34)(0.04, -0.01, 0.30)(0.06, 0.02, 0.35)(0.05, -0.01, 0.38)(0.05, -0.02, 0.35)(0.05, -0.01, 0.34)(0.03, -0.01, 0.30)(0.03, 0.02, 0.35)(0.03, 0.00, 0.37)(0.03, -0.02, 0.36)(0.04, -0.01, 0.34)(0.02, -0.01, 0.30)(0.01, 0.02, 0.35)(0.01, 0.01, 0.36)(0.01, -0.01, 0.36)(0.02, -0.01, 0.34)
(0.03, -0.02, 0.28)(0.03, 0.00, 0.33)(0.05, -0.02, 0.30)(0.09, -0.03, 0.32)(0.12, -0.03, 0.34)(0.14, -0.03, 0.34)(0.04, -0.02, 0.30)(0.07, 0.01, 0.35)(0.07, -0.01, 0.38)(0.05, -0.03, 0.36)(0.05, -0.02, 0.35)(0.03, -0.01, 0.30)(0.05, 0.02, 0.35)(0.04, -0.01, 0.38)(0.04, -0.03, 0.36)(0.04, -0.02, 0.34)(0.02, -0.01, 0.30)(0.03, 0.02, 0.35)(0.02, -0.01, 0.38)(0.03, -0.02, 0.36)(0.03, -0.02, 0.34)(0.01, -0.01, 0.30)(0.01, 0.01, 0.35)(0.00, 0.01, 0.37)(0.01, -0.01, 0.36)(0.02, -0.01, 0.35)
(-0.03, -0.02, 0.28)(-0.02, 0.01, 0.32)(0.00, -0.02, 0.30)(0.03, -0.02, 0.32)(0.06, -0.03, 0.33)(0.08, -0.03, 0.33)(-0.01, -0.02, 0.30)(0.01, 0.01, 0.35)(0.00, -0.01, 0.37)(-0.01, -0.02, 0.36)(-0.01, -0.02, 0.34)(-0.02, -0.01, 0.30)(-0.01, 0.02, 0.34)(-0.02, -0.01, 0.38)(-0.02, -0.02, 0.35)(-0.02, -0.02, 0.34)(-0.03, -0.01, 0.29)(-0.03, 0.02, 0.34)(-0.04, 0.00, 0.37)(-0.03, -0.02, 0.35)(-0.03, -0.02, 0.34)(-0.04, -0.01, 0.29)(-0.05, 0.02, 0.34)(-0.06, 0.01, 0.36)(-0.05, -0.01, 0.35)(-0.04, -0.01, 0.34)
(-0.10, -0.02, 0.27)(-0.10, 0.01, 0.31)(-0.08, -0.02, 0.29)(-0.04, -0.02, 0.32)(-0.02, -0.02, 0.33)(0.00, -0.02, 0.34)(-0.09, -0.01, 0.29)(-0.07, 0.01, 0.34)(-0.08, -0.01, 0.37)(-0.09, -0.02, 0.35)(-0.09, -0.02, 0.33)(-0.10, -0.01, 0.29)(-0.09, 0.02, 0.33)(-0.10, -0.01, 0.37)(-0.10, -0.02, 0.34)(-0.09, -0.02, 0.33)(-0.11, -0.01, 0.28)(-0.11, 0.02, 0.33)(-0.12, 0.00, 0.36)(-0.11, -0.02, 0.34)(-0.11, -0.01, 0.33)(-0.12, -0.01, 0.28)(-0.13, 0.02, 0.33)(-0.14, 0.01, 0.34)(-0.13, -0.01, 0.34)(-0.12, -0.01, 0.33)
(-0.14, -0.01, 0.26)(-0.15, 0.01, 0.30)(-0.13, -0.02, 0.28)(-0.10, -0.02, 0.31)(-0.07, -0.02, 0.33)(-0.05, -0.02, 0.34)(-0.14, -0.01, 0.28)(-0.13, 0.02, 0.33)(-0.13, -0.01, 0.36)(-0.14, -0.02, 0.34)(-0.14, -0.02, 0.32)(-0.15, -0.01, 0.28)(-0.14, 0.02, 0.32)(-0.16, 0.00, 0.35)(-0.15, -0.02, 0.33)(-0.15, -0.01, 0.32)(-0.16, 0.00, 0.27)(-0.16, 0.02, 0.32)(-0.18, 0.00, 0.35)(-0.17, -0.02, 0.33)(-0.16, -0.01, 0.31)(-0.17, 0.00, 0.27)(-0.18, 0.02, 0.31)(-0.19, 0.01, 0.33)(-0.19, -0.01, 0.32)(-0.17, -0.01, 0.31)
(-0.17, -0.01, 0.25)(-0.18, 0.01, 0.29)(-0.15, -0.02, 0.27)(-0.12, -0.01, 0.31)(-0.10, -0.01, 0.33)(-0.08, -0.01, 0.33)(-0.16, -0.01, 0.27)(-0.16, 0.02, 0.32)(-0.17, 0.00, 0.35)(-0.17, -0.02, 0.33)(-0.17, -0.01, 0.31)(-0.17, -0.01, 0.27)(-0.17, 0.02, 0.31)(-0.19, 0.00, 0.34)(-0.18, -0.02, 0.32)(-0.17, -0.01, 0.30)(-0.18, 0.00, 0.26)(-0.19, 0.02, 0.31)(-0.21, 0.00, 0.33)(-0.20, -0.02, 0.31)(-0.18, -0.01, 0.30)(-0.19, 0.00, 0.26)(-0.21, 0.02, 0.30)(-0.22, 0.01, 0.31)(-0.21, -0.01, 0.31)(-0.20, -0.01, 0.30)
(-0.17, -0.01, 0.25)(-0.18, 0.01, 0.29)(-0.15, -0.02, 0.27)(-0.12, -0.01, 0.31)(-0.10, -0.01, 0.33)(-0.08, -0.01, 0.33)(-0.16, -0.01, 0.27)(-0.16, 0.02, 0.32)(-0.17, 0.00, 0.35)(-0.17, -0.02, 0.33)(-0.17, -0.01, 0.31)(-0.17, -0.01, 0.27)(-0.17, 0.02, 0.31)(-0.19, 0.00, 0.34)(-0.18, -0.02, 0.32)(-0.17, -0.01, 0.30)(-0.18, 0.00, 0.26)(-0.19, 0.02, 0.31)(-0.21, 0.00, 0.33)(-0.20, -0.02, 0.31)(-0.18, -0.01, 0.30)(-0.19, 0.00, 0.26)(-0.21, 0.02, 0.30)(-0.22, 0.01, 0.31)(-0.21, -0.01, 0.31)(-0.20, -0.01, 0.30)
(-0.15, -0.01, 0.25)(-0.16, 0.01, 0.29)(-0.13, -0.01, 0.28)(-0.10, -0.01, 0.31)(-0.08, -0.01, 0.34)(-0.06, -0.01, 0.34)(-0.14, -0.01, 0.27)(-0.14, 0.02, 0.33)(-0.15, 0.00, 0.35)(-0.15, -0.01, 0.33)(-0.15, -0.01, 0.32)(-0.15, 0.00, 0.27)(-0.15, 0.03, 0.32)(-0.17, 0.00, 0.35)(-0.16, -0.01, 0.32)(-0.16, -0.01, 0.31)(-0.16, 0.00, 0.27)(-0.17, 0.03, 0.31)(-0.19, 0.00, 0.34)(-0.18, -0.01, 0.32)(-0.17, -0.01, 0.31)(-0.17, 0.00, 0.26)(-0.19, 0.02, 0.30)(-0.20, 0.02, 0.32)(-0.19, 0.00, 0.31)(-0.18, 0.00, 0.31)
(-0.09, 0.00, 0.26)(-0.10, 0.02, 0.31)(-0.07, -0.01, 0.29)(-0.04, 0.00, 0.32)(-0.02, 0.00, 0.34)(0.00, -0.01, 0.35)(-0.08, 0.00, 0.29)(-0.07, 0.03, 0.34)(-0.08, 0.01, 0.37)(-0.09, -0.01, 0.35)(-0.09, 0.00, 0.33)(-0.09, 0.00, 0.28)(-0.09, 0.04, 0.33)(-0.11, 0.01, 0.36)(-0.10, -0.01, 0.34)(-0.09, 0.00, 0.32)(-0.10, 0.01, 0.28)(-0.11, 0.04, 0.32)(-0.13, 0.01, 0.35)(-0.12, 0.00, 0.34)(-0.11, 0.00, 0.32)(-0.11, 0.01, 0.28)(-0.13, 0.03, 0.32)(-0.14, 0.02, 0.34)(-0.13, 0.01, 0.33)(-0.12, 0.01, 0.32)
(-0.03, -0.01, 0.27)(-0.03, 0.02, 0.31)(-0.01, -0.01, 0.29)(0.03, -0.01, 0.32)(0.05, -0.01, 0.34)(0.07, -0.01, 0.34)(-0.02, 0.00, 0.29)(0.00, 0.03, 0.34)(-0.01, 0.00, 0.37)(-0.02, -0.01, 0.35)(-0.01, -0.01, 0.34)(-0.02, 0.00, 0.29)(-0.02, 0.03, 0.34)(-0.03, 0.01, 0.37)(-0.03, -0.01, 0.35)(-0.02, 0.00, 0.33)(-0.04, 0.00, 0.29)(-0.04, 0.03, 0.33)(-0.05, 0.01, 0.36)(-0.04, 0.00, 0.35)(-0.03, 0.00, 0.33)(-0.04, 0.00, 0.29)(-0.06, 0.03, 0.33)(-0.07, 0.02, 0.35)(-0.06, 0.00, 0.34)(-0.05, 0.00, 0.33)
(0.01, -0.01, 0.28)(0.02, 0.01, 0.32)(0.04, -0.01, 0.30)(0.07, -0.02, 0.32)(0.10, -0.02, 0.34)(0.12, -0.02, 0.34)(0.03, -0.01, 0.30)(0.05, 0.02, 0.35)(0.04, 0.00, 0.38)(0.03, -0.02, 0.36)(0.03, -0.01, 0.34)(0.02, 0.00, 0.30)(0.03, 0.03, 0.35)(0.02, 0.00, 0.38)(0.02, -0.02, 0.35)(0.02, -0.01, 0.34)(0.01, 0.00, 0.30)(0.01, 0.03, 0.34)(0.00, 0.00, 0.37)(0.01, -0.01, 0.35)(0.01, -0.01, 0.34)(0.00, 0.00, 0.30)(-0.01, 0.02, 0.34)(-0.02, 0.02, 0.36)(-0.01, 0.00, 0.35)(0.00, 0.00, 0.34)
(0.02, -0.02, 0.28)(0.03, 0.01, 0.32)(0.04, -0.02, 0.30)(0.08, -0.03, 0.32)(0.11, -0.03, 0.34)(0.13, -0.03, 0.34)(0.03, -0.02, 0.30)(0.06, 0.01, 0.35)(0.05, -0.02, 0.37)(0.04, -0.03, 0.36)(0.04, -0.03, 0.34)(0.03, -0.01, 0.30)(0.04, 0.02, 0.34)(0.03, -0.01, 0.38)(0.03, -0.03, 0.35)(0.03, -0.02, 0.34)(0.02, -0.01, 0.30)(0.02, 0.02, 0.34)(0.01, -0.01, 0.37)(0.01, -0.02, 0.35)(0.02, -0.02, 0.34)(0.01, -0.01, 0.29)(0.00, 0.02, 0.34)(-0.01, 0.01, 0.36)(0.00, -0.01, 0.35)(0.01, -0.01, 0.34)
(0.00, -0.02, 0.28)(0.00, 0.00, 0.32)(0.02, -0.02, 0.30)(0.06, -0.03, 0.32)(0.08, -0.03, 0.34)(0.10, -0.03, 0.33)(0.01, -0.02, 0.30)(0.03, 0.01, 0.35)(0.03, -0.02, 0.38)(0.02, -0.03, 0.36)(0.02, -0.03, 0.34)(0.00, -0.01, 0.30)(0.01, 0.02, 0.34)(0.01, -0.01, 0.38)(0.00, -0.03, 0.35)(0.01, -0.02, 0.34)(-0.01, -0.01, 0.30)(-0.01, 0.02, 0.34)(-0.02, -0.01, 0.37)(-0.01, -0.02, 0.35)(0.00, -0.02, 0.34)(-0.02, -0.01, 0.29)(-0.03, 0.02, 0.34)(-0.03, 0.01, 0.36)(-0.03, -0.01, 0.35)(-0.02, -0.02, 0.34)
(-0.06, -0.01, 0.27)(-0.06, 0.01, 0.32)(-0.04, -0.02, 0.29)(0.00, -0.02, 0.32)(0.02, -0.02, 0.34)(0.04, -0.02, 0.34)(-0.05, -0.01, 0.29)(-0.03, 0.01, 0.35)(-0.04, -0.01, 0.37)(-0.05, -0.02, 0.35)(-0.05, -0.02, 0.34)(-0.06, -0.01, 0.29)(-0.05, 0.02, 0.34)(-0.06, -0.01, 0.37)(-0.06, -0.02, 0.35)(-0.06, -0.02, 0.33)(-0.07, 0.00, 0.29)(-0.07, 0.02, 0.34)(-0.08, 0.00, 0.36)(-0.08, -0.02, 0.35)(-0.07, -0.01, 0.33)(-0.08, 0.00, 0.29)(-0.09, 0.02, 0.33)(-0.10, 0.01, 0.35)(-0.09, 0.00, 0.34)(-0.08, -0.01, 0.33)
(-0.11, -0.01, 0.26)(-0.12, 0.02, 0.30)(-0.09, -0.01, 0.28)(-0.06, -0.01, 0.31)(-0.04, -0.01, 0.33)(-0.02, -0.02, 0.34)(-0.10, -0.01, 0.28)(-0.09, 0.02, 0.34)(-0.10, 0.00, 0.36)(-0.11, -0.02, 0.34)(-0.10, -0.01, 0.33)(-0.11, 0.00, 0.28)(-0.11, 0.03, 0.33)(-0.12, 0.00, 0.36)(-0.12, -0.02, 0.33)(-0.11, -0.01, 0.32)(-0.12, 0.00, 0.27)(-0.13, 0.03, 0.32)(-0.14, 0.00, 0.35)(-0.13, -0.01, 0.33)(-0.12, -0.01, 0.32)(-0.13, 0.00, 0.27)(-0.15, 0.03, 0.32)(-0.16, 0.02, 0.33)(-0.15, 0.00, 0.33)(-0.14, 0.00, 0.32)
(-0.15, 0.00, 0.25)(-0.16, 0.02, 0.30)(-0.13, -0.01, 0.28)(-0.10, -0.01, 0.31)(-0.08, -0.01, 0.33)(-0.06, -0.01, 0.34)(-0.14, 0.00, 0.27)(-0.13, 0.03, 0.33)(-0.15, 0.00, 0.35)(-0.15, -0.01, 0.34)(-0.15, -0.01, 0.32)(-0.15, 0.00, 0.27)(-0.15, 0.03, 0.32)(-0.17, 0.00, 0.35)(-0.16, -0.01, 0.33)(-0.16, -0.01, 0.31)(-0.16, 0.01, 0.27)(-0.17, 0.03, 0.31)(-0.19, 0.01, 0.34)(-0.18, -0.01, 0.32)(-0.17, 0.00, 0.31)(-0.17, 0.01, 0.26)(-0.19, 0.03, 0.31)(-0.20, 0.02, 0.32)(-0.19, 0.00, 0.32)(-0.18, 0.00, 0.31)
(-0.17, 0.00, 0.25)(-0.18, 0.02, 0.29)(-0.15, -0.01, 0.27)(-0.12, -0.01, 0.31)(-0.10, -0.01, 0.33)(-0.09, -0.01, 0.34)(-0.16, 0.00, 0.27)(-0.16, 0.03, 0.33)(-0.17, 0.00, 0.35)(-0.17, -0.01, 0.33)(-0.17, -0.01, 0.31)(-0.17, 0.00, 0.27)(-0.17, 0.03, 0.32)(-0.19, 0.01, 0.34)(-0.19, -0.01, 0.32)(-0.18, 0.00, 0.31)(-0.18, 0.01, 0.26)(-0.19, 0.03, 0.31)(-0.21, 0.01, 0.33)(-0.20, 0.00, 0.32)(-0.19, 0.00, 0.30)(-0.19, 0.01, 0.26)(-0.21, 0.03, 0.30)(-0.22, 0.02, 0.32)(-0.22, 0.00, 0.31)(-0.20, 0.00, 0.30)
(-0.07, 0.00, 0.27)(-0.08, 0.03, 0.32)(-0.06, 0.00, 0.30)(-0.02, 0.00, 0.33)(0.00, -0.01, 0.35)(0.02, -0.01, 0.35)(-0.07, 0.00, 0.30)(-0.05, 0.03, 0.35)(-0.06, 0.01, 0.38)(-0.07, 0.00, 0.36)(-0.07, 0.00, 0.34)(-0.07, 0.01, 0.29)(-0.07, 0.04, 0.34)(-0.09, 0.01, 0.37)(-0.08, -0.01, 0.35)(-0.08, 0.00, 0.33)(-0.08, 0.01, 0.29)(-0.09, 0.04, 0.33)(-0.10, 0.02, 0.36)(-0.10, 0.00, 0.35)(-0.09, 0.00, 0.33)(-0.09, 0.01, 0.29)(-0.11, 0.04, 0.33)(-0.12, 0.03, 0.35)(-0.11, 0.01, 0.34)(-0.10, 0.01, 0.33)
(-0.02, 0.00, 0.28)(-0.03, 0.02, 0.32)(-0.01, 0.00, 0.30)(0.03, 0.00, 0.33)(0.05, -0.01, 0.35)(0.07, -0.01, 0.35)(-0.02, 0.00, 0.30)(0.00, 0.03, 0.35)(-0.01, 0.01, 0.38)(-0.02, -0.01, 0.36)(-0.02, -0.01, 0.35)(-0.02, 0.01, 0.30)(-0.02, 0.04, 0.35)(-0.03, 0.01, 0.38)(-0.03, -0.01, 0.35)(-0.02, 0.00, 0.34)(-0.03, 0.01, 0.29)(-0.04, 0.04, 0.34)(-0.05, 0.01, 0.37)(-0.04, 0.00, 0.35)(-0.03, 0.00, 0.34)(-0.04, 0.01, 0.29)(-0.06, 0.03, 0.34)(-0.07, 0.02, 0.35)(-0.06, 0.01, 0.35)(-0.05, 0.01, 0.34)
(0.00, 0.00, 0.28)(0.00, 0.02, 0.33)(0.02, -0.01, 0.30)(0.06, -0.01, 0.33)(0.08, -0.02, 0.35)(0.10, -0.02, 0.35)(0.01, 0.00, 0.30)(0.03, 0.02, 0.36)(0.02, 0.00, 0.38)(0.01, -0.01, 0.36)(0.01, -0.01, 0.35)(0.00, 0.00, 0.30)(0.01, 0.03, 0.35)(0.00, 0.00, 0.38)(0.00, -0.01, 0.36)(0.01, -0.01, 0.34)(-0.01, 0.01, 0.30)(-0.01, 0.03, 0.35)(-0.02, 0.01, 0.38)(-0.01, -0.01, 0.36)(-0.01, 0.00, 0.34)(-0.02, 0.01, 0.30)(-0.03, 0.03, 0.35)(-0.04, 0.02, 0.36)(-0.03, 0.00, 0.36)(-0.02, 0.00, 0.35)
(0.02, -0.01, 0.29)(0.02, 0.02, 0.33)(0.04, -0.01, 0.31)(0.08, -0.02, 0.33)(0.10, -0.02, 0.35)(0.12, -0.02, 0.35)(0.03, -0.01, 0.31)(0.05, 0.02, 0.36)(0.05, 0.00, 0.38)(0.04, -0.02, 0.36)(0.04, -0.01, 0.35)(0.02, 0.00, 0.31)(0.03, 0.03, 0.35)(0.03, 0.00, 0.38)(0.02, -0.02, 0.36)(0.03, -0.01, 0.34)(0.01, 0.00, 0.31)(0.01, 0.03, 0.35)(0.01, 0.00, 0.38)(0.01, -0.01, 0.36)(0.02, 0.00, 0.34)(0.00, 0.00, 0.30)(-0.01, 0.03, 0.35)(-0.01, 0.02, 0.37)(-0.01, 0.00, 0.36)(0.00, 0.00, 0.35)
(0.00, -0.01, 0.28)(0.00, 0.02, 0.33)(0.02, -0.01, 0.30)(0.06, -0.01, 0.33)(0.09, -0.02, 0.34)(0.11, -0.02, 0.34)(0.01, -0.01, 0.30)(0.04, 0.02, 0.36)(0.03, 0.00, 0.38)(0.02, -0.01, 0.36)(0.02, -0.01, 0.35)(0.01, 0.00, 0.30)(0.02, 0.03, 0.35)(0.01, 0.00, 0.38)(0.01, -0.01, 0.36)(0.01, -0.01, 0.34)(-0.01, 0.00, 0.30)(0.00, 0.03, 0.35)(-0.01, 0.01, 0.38)(-0.01, -0.01, 0.36)(0.00, 0.00, 0.34)(-0.01, 0.00, 0.30)(-0.02, 0.03, 0.35)(-0.03, 0.02, 0.37)(-0.03, 0.00, 0.36)(-0.02, 0.00, 0.35)
(-0.04, 0.00, 0.28)(-0.05, 0.02, 0.32)(-0.03, -0.01, 0.30)(0.01, -0.01, 0.33)(0.03, -0.01, 0.34)(0.06, -0.01, 0.34)(-0.04, 0.00, 0.30)(-0.02, 0.02, 0.35)(-0.02, 0.00, 0.38)(-0.03, -0.01, 0.36)(-0.03, -0.01, 0.34)(-0.04, 0.00, 0.30)(-0.04, 0.03, 0.35)(-0.05, 0.01, 0.38)(-0.05, -0.01, 0.35)(-0.04, 0.00, 0.34)(-0.05, 0.01, 0.30)(-0.06, 0.03, 0.34)(-0.07, 0.01, 0.37)(-0.06, 0.00, 0.36)(-0.05, 0.00, 0.34)(-0.06, 0.01, 0.29)(-0.08, 0.03, 0.34)(-0.08, 0.02, 0.36)(-0.08, 0.01, 0.35)(-0.07, 0.00, 0.34)
(-0.10, 0.00, 0.27)(-0.11, 0.02, 0.31)(-0.08, -0.01, 0.29)(-0.05, -0.01, 0.32)(-0.03, -0.01, 0.34)(0.00, -0.01, 0.34)(-0.09, 0.00, 0.29)(-0.08, 0.03, 0.34)(-0.09, 0.00, 0.37)(-0.09, -0.01, 0.35)(-0.09, -0.01, 0.33)(-0.10, 0.00, 0.29)(-0.10, 0.03, 0.34)(-0.11, 0.01, 0.37)(-0.11, -0.01, 0.34)(-0.10, 0.00, 0.33)(-0.11, 0.01, 0.28)(-0.12, 0.03, 0.33)(-0.13, 0.01, 0.36)(-0.12, 0.00, 0.34)(-0.11, 0.00, 0.33)(-0.12, 0.01, 0.28)(-0.14, 0.03, 0.33)(-0.15, 0.02, 0.34)(-0.14, 0.01, 0.34)(-0.13, 0.00, 0.33)
(-0.14, 0.00, 0.26)(-0.15, 0.02, 0.30)(-0.13, -0.01, 0.28)(-0.10, -0.01, 0.31)(-0.07, -0.01, 0.33)(-0.06, -0.01, 0.34)(-0.14, 0.00, 0.28)(-0.13, 0.03, 0.33)(-0.14, 0.00, 0.36)(-0.14, -0.01, 0.34)(-0.14, -0.01, 0.32)(-0.15, 0.00, 0.28)(-0.15, 0.03, 0.32)(-0.16, 0.00, 0.35)(-0.16, -0.01, 0.33)(-0.15, 0.00, 0.31)(-0.16, 0.01, 0.27)(-0.16, 0.03, 0.32)(-0.18, 0.01, 0.34)(-0.17, 0.00, 0.33)(-0.16, 0.00, 0.31)(-0.17, 0.01, 0.27)(-0.18, 0.03, 0.31)(-0.19, 0.02, 0.33)(-0.19, 0.00, 0.32)(-0.17, 0.00, 0.31)
(-0.16, 0.00, 0.26)(-0.17, 0.02, 0.30)(-0.15, -0.01, 0.28)(-0.12, -0.01, 0.31)(-0.10, -0.01, 0.34)(-0.08, -0.01, 0.34)(-0.16, 0.00, 0.28)(-0.15, 0.03, 0.33)(-0.16, 0.00, 0.36)(-0.17, -0.01, 0.34)(-0.16, -0.01, 0.32)(-0.16, 0.00, 0.28)(-0.17, 0.03, 0.32)(-0.18, 0.00, 0.35)(-0.18, -0.01, 0.33)(-0.17, 0.00, 0.31)(-0.18, 0.01, 0.27)(-0.19, 0.03, 0.32)(-0.20, 0.01, 0.34)(-0.19, 0.00, 0.32)(-0.18, 0.00, 0.31)(-0.18, 0.01, 0.27)(-0.21, 0.03, 0.31)(-0.22, 0.02, 0.33)(-0.21, 0.00, 0.32)(-0.19, 0.00, 0.31)
(-0.14, 0.00, 0.26)(-0.16, 0.02, 0.30)(-0.13, -0.01, 0.28)(-0.10, -0.01, 0.32)(-0.08, -0.01, 0.34)(-0.06, -0.01, 0.35)(-0.14, 0.00, 0.28)(-0.13, 0.03, 0.34)(-0.15, 0.00, 0.36)(-0.15, -0.01, 0.34)(-0.15, -0.01, 0.32)(-0.15, 0.00, 0.28)(-0.15, 0.03, 0.32)(-0.17, 0.00, 0.35)(-0.16, -0.01, 0.33)(-0.15, 0.00, 0.31)(-0.16, 0.01, 0.27)(-0.17, 0.03, 0.32)(-0.19, 0.01, 0.34)(-0.18, 0.00, 0.32)(-0.16, 0.00, 0.31)(-0.17, 0.01, 0.27)(-0.19, 0.03, 0.31)(-0.20, 0.02, 0.32)(-0.19, 0.00, 0.32)(-0.18, 0.00, 0.31)
(-0.08, 0.00, 0.27)(-0.09, 0.02, 0.31)(-0.07, -0.01, 0.30)(-0.04, -0.01, 0.33)(-0.01, -0.01, 0.35)(0.01, -0.01, 0.35)(-0.07, 0.00, 0.29)(-0.06, 0.03, 0.35)(-0.08, 0.00, 0.37)(-0.08, -0.01, 0.35)(-0.08, -0.01, 0.34)(-0.08, 0.00, 0.29)(-0.08, 0.03, 0.34)(-0.10, 0.01, 0.37)(-0.09, -0.01, 0.34)(-0.09, 0.00, 0.33)(-0.09, 0.01, 0.29)(-0.10, 0.03, 0.33)(-0.12, 0.01, 0.36)(-0.11, 0.00, 0.34)(-0.10, 0.00, 0.32)(-0.10, 0.01, 0.28)(-0.12, 0.03, 0.33)(-0.13, 0.02, 0.34)(-0.12, 0.01, 0.33)(-0.11, 0.00, 0.33)
(-0.03, 0.00, 0.28)(-0.03, 0.02, 0.32)(-0.01, 0.00, 0.30)(0.02, -0.01, 0.33)(0.05, -0.01, 0.35)(0.07, -0.01, 0.35)(-0.02, 0.00, 0.30)(0.00, 0.03, 0.35)(-0.01, 0.01, 0.38)(-0.02, -0.01, 0.36)(-0.02, 0.00, 0.35)(-0.03, 0.01, 0.30)(-0.02, 0.04, 0.35)(-0.03, 0.01, 0.38)(-0.03, -0.01, 0.35)(-0.03, 0.00, 0.34)(-0.04, 0.01, 0.30)(-0.04, 0.04, 0.34)(-0.05, 0.01, 0.37)(-0.05, 0.00, 0.35)(-0.04, 0.00, 0.34)(-0.05, 0.01, 0.30)(-0.06, 0.04, 0.34)(-0.07, 0.03, 0.36)(-0.06, 0.01, 0.35)(-0.05, 0.01, 0.34)
(0.02, -0.01, 0.28)(0.03, 0.02, 0.33)(0.04, -0.01, 0.31)(0.08, -0.01, 0.33)(0.11, -0.01, 0.35)(0.13, -0.02, 0.35)(0.03, 0.00, 0.31)(0.06, 0.02, 0.36)(0.05, 0.00, 0.38)(0.04, -0.01, 0.37)(0.04, -0.01, 0.35)(0.03, 0.00, 0.30)(0.04, 0.03, 0.35)(0.03, 0.01, 0.38)(0.03, -0.01, 0.36)(0.03, 0.00, 0.34)(0.02, 0.01, 0.30)(0.02, 0.03, 0.35)(0.01, 0.01, 0.38)(0.01, 0.00, 0.36)(0.02, 0.00, 0.34)(0.01, 0.01, 0.30)(0.00, 0.03, 0.35)(-0.01, 0.02, 0.36)(0.00, 0.01, 0.36)(0.01, 0.00, 0.35)
(0.04, 0.00, 0.29)(0.05, 0.02, 0.33)(0.07, -0.01, 0.31)(0.10, -0.02, 0.33)(0.13, -0.02, 0.34)(0.15, -0.02, 0.34)(0.06, 0.00, 0.31)(0.08, 0.02, 0.36)(0.08, 0.00, 0.38)(0.07, -0.01, 0.37)(0.06, -0.01, 0.35)(0.05, 0.00, 0.31)(0.07, 0.03, 0.35)(0.06, 0.00, 0.38)(0.05, -0.01, 0.36)(0.06, -0.01, 0.34)(0.04, 0.01, 0.31)(0.04, 0.03, 0.35)(0.04, 0.01, 0.38)(0.04, -0.01, 0.36)(0.05, 0.00, 0.34)(0.03, 0.01, 0.30)(0.02, 0.03, 0.35)(0.02, 0.02, 0.37)(0.02, 0.01, 0.36)(0.03, 0.00, 0.35)
(0.02, -0.01, 0.28)(0.03, 0.02, 0.33)(0.05, -0.01, 0.30)(0.09, -0.02, 0.32)(0.11, -0.02, 0.34)(0.13, -0.02, 0.34)(0.04, -0.01, 0.30)(0.07, 0.02, 0.35)(0.06, 0.00, 0.38)(0.05, -0.01, 0.36)(0.05, -0.01, 0.35)(0.03, 0.00, 0.30)(0.05, 0.03, 0.35)(0.04, 0.00, 0.38)(0.03, -0.01, 0.36)(0.04, -0.01, 0.34)(0.02, 0.00, 0.30)(0.03, 0.03, 0.35)(0.02, 0.01, 0.38)(0.02, -0.01, 0.36)(0.03, 0.00, 0.34)(0.01, 0.01, 0.30)(0.01, 0.03, 0.35)(0.00, 0.02, 0.37)(0.00, 0.01, 0.36)(0.01, 0.00, 0.35)
(-0.02, 0.00, 0.28)(-0.02, 0.02, 0.32)(0.00, -0.01, 0.30)(0.03, -0.01, 0.32)(0.06, -0.01, 0.34)(0.08, -0.02, 0.33)(-0.01, 0.00, 0.30)(0.01, 0.02, 0.35)(0.01, 0.00, 0.37)(0.00, -0.01, 0.36)(0.00, -0.01, 0.34)(-0.02, 0.00, 0.30)(-0.01, 0.03, 0.34)(-0.02, 0.01, 0.37)(-0.02, -0.01, 0.35)(-0.01, 0.00, 0.34)(-0.03, 0.01, 0.29)(-0.03, 0.03, 0.34)(-0.04, 0.01, 0.37)(-0.03, 0.00, 0.35)(-0.03, 0.00, 0.34)(-0.04, 0.01, 0.29)(-0.05, 0.03, 0.34)(-0.05, 0.03, 0.36)(-0.05, 0.01, 0.35)(-0.04, 0.00, 0.34)
(-0.08, -0.01, 0.26)(-0.08, 0.02, 0.31)(-0.06, -0.01, 0.29)(-0.03, -0.01, 0.31)(0.00, -0.02, 0.33)(0.02, -0.02, 0.33)(-0.07, 0.00, 0.29)(-0.05, 0.02, 0.34)(-0.06, 0.00, 0.36)(-0.07, -0.01, 0.35)(-0.07, -0.01, 0.33)(-0.08, 0.00, 0.28)(-0.07, 0.03, 0.33)(-0.08, 0.00, 0.36)(-0.09, -0.01, 0.34)(-0.08, -0.01, 0.32)(-0.09, 0.00, 0.28)(-0.09, 0.03, 0.33)(-0.10, 0.01, 0.36)(-0.10, -0.01, 0.34)(-0.09, 0.00, 0.32)(-0.10, 0.00, 0.28)(-0.11, 0.03, 0.33)(-0.12, 0.02, 0.34)(-0.12, 0.01, 0.34)(-0.11, 0.00, 0.33)
(-0.13, -0.01, 0.25)(-0.13, 0.01, 0.30)(-0.11, -0.02, 0.28)(-0.08, -0.02, 0.31)(-0.06, -0.02, 0.33)(-0.04, -0.02, 0.33)(-0.12, -0.01, 0.28)(-0.11, 0.02, 0.33)(-0.12, 0.00, 0.36)(-0.12, -0.02, 0.34)(-0.12, -0.02, 0.32)(-0.13, -0.01, 0.27)(-0.13, 0.03, 0.32)(-0.14, 0.00, 0.35)(-0.14, -0.02, 0.33)(-0.13, -0.01, 0.31)(-0.14, 0.00, 0.27)(-0.15, 0.02, 0.32)(-0.16, 0.00, 0.34)(-0.15, -0.01, 0.33)(-0.14, -0.01, 0.31)(-0.15, 0.00, 0.27)(-0.17, 0.02, 0.31)(-0.18, 0.01, 0.33)(-0.17, 0.00, 0.32)(-0.16, -0.01, 0.31)
(-0.15, -0.01, 0.24)(-0.16, 0.01, 0.29)(-0.14, -0.02, 0.27)(-0.11, -0.02, 0.30)(-0.09, -0.02, 0.33)(-0.07, -0.02, 0.33)(-0.15, -0.01, 0.27)(-0.14, 0.01, 0.32)(-0.15, -0.01, 0.35)(-0.15, -0.02, 0.33)(-0.15, -0.02, 0.31)(-0.15, -0.01, 0.26)(-0.16, 0.02, 0.31)(-0.17, -0.01, 0.34)(-0.17, -0.02, 0.32)(-0.16, -0.01, 0.30)(-0.16, 0.00, 0.26)(-0.17, 0.02, 0.31)(-0.19, 0.00, 0.33)(-0.18, -0.02, 0.31)(-0.17, -0.01, 0.30)(-0.17, 0.00, 0.26)(-0.19, 0.02, 0.30)(-0.21, 0.01, 0.31)(-0.20, -0.01, 0.31)(-0.18, -0.01, 0.30)
(-0.14, -0.01, 0.24)(-0.15, 0.01, 0.29)(-0.13, -0.02, 0.27)(-0.10, -0.02, 0.30)(-0.08, -0.02, 0.33)(-0.06, -0.02, 0.33)(-0.14, -0.01, 0.27)(-0.13, 0.02, 0.32)(-0.15, -0.01, 0.35)(-0.15, -0.02, 0.33)(-0.14, -0.02, 0.31)(-0.15, -0.01, 0.26)(-0.15, 0.02, 0.31)(-0.17, 0.00, 0.34)(-0.16, -0.02, 0.32)(-0.15, -0.01, 0.30)(-0.16, 0.00, 0.26)(-0.17, 0.02, 0.30)(-0.18, 0.00, 0.33)(-0.17, -0.01, 0.31)(-0.16, -0.01, 0.30)(-0.16, 0.00, 0.26)(-0.19, 0.02, 0.30)(-0.20, 0.01, 0.31)(-0.19, 0.00, 0.31)(-0.18, -0.01, 0.30)
(-0.10, 0.00, 0.25)(-0.11, 0.02, 0.30)(-0.09, -0.01, 0.28)(-0.06, -0.01, 0.31)(-0.03, -0.01, 0.33)(-0.01, -0.01, 0.34)(-0.10, 0.00, 0.28)(-0.09, 0.03, 0.33)(-0.10, 0.00, 0.36)(-0.10, -0.01, 0.34)(-0.10, -0.01, 0.32)(-0.10, 0.00, 0.27)(-0.10, 0.03, 0.32)(-0.12, 0.00, 0.35)(-0.12, -0.01, 0.33)(-0.11, -0.01, 0.31)(-0.11, 0.01, 0.27)(-0.12, 0.03, 0.32)(-0.14, 0.01, 0.34)(-0.13, -0.01, 0.32)(-0.12, 0.00, 0.31)(-0.12, 0.01, 0.27)(-0.14, 0.03, 0.31)(-0.15, 0.02, 0.33)(-0.15, 0.00, 0.32)(-0.13, 0.00, 0.31)
(-0.05, 0.00, 0.26)(-0.06, 0.02, 0.31)(-0.04, 0.00, 0.29)(0.00, -0.01, 0.31)(0.02, -0.01, 0.33)(0.04, -0.01, 0.33)(-0.04, 0.00, 0.28)(-0.03, 0.03, 0.34)(-0.04, 0.01, 0.36)(-0.04, -0.01, 0.35)(-0.04, 0.00, 0.33)(-0.05, 0.01, 0.28)(-0.05, 0.04, 0.33)(-0.06, 0.01, 0.36)(-0.06, -0.01, 0.34)(-0.05, 0.00, 0.32)(-0.06, 0.01, 0.28)(-0.07, 0.04, 0.33)(-0.08, 0.01, 0.35)(-0.07, 0.00, 0.34)(-0.06, 0.00, 0.32)(-0.07, 0.01, 0.28)(-0.09, 0.03, 0.32)(-0.10, 0.02, 0.34)(-0.09, 0.01, 0.33)(-0.08, 0.01, 0.32)
(-0.01, 0.00, 0.27)(-0.02, 0.03, 0.31)(0.00, 0.00, 0.29)(0.04, 0.00, 0.32)(0.06, 0.00, 0.33)(0.08, 0.00, 0.34)(-0.01, 0.01, 0.29)(0.01, 0.03, 0.34)(0.01, 0.01, 0.37)(0.00, 0.00, 0.35)(0.00, 0.00, 0.33)(-0.01, 0.01, 0.29)(0.00, 0.04, 0.33)(-0.02, 0.01, 0.36)(-0.02, 0.00, 0.34)(-0.01, 0.00, 0.33)(-0.02, 0.01, 0.28)(-0.02, 0.04, 0.33)(-0.04, 0.02, 0.36)(-0.03, 0.00, 0.34)(-0.02, 0.01, 0.32)(-0.03, 0.01, 0.28)(-0.05, 0.04, 0.33)(-0.05, 0.03, 0.35)(-0.05, 0.01, 0.34)(-0.04, 0.01, 0.33)
(-0.01, 0.00, 0.27)(-0.01, 0.02, 0.31)(0.01, -0.01, 0.29)(0.05, -0.01, 0.31)(0.08, -0.01, 0.33)(0.10, -0.01, 0.33)(0.00, 0.00, 0.29)(0.03, 0.03, 0.34)(0.02, 0.00, 0.37)(0.01, -0.01, 0.35)(0.01, -0.01, 0.33)(0.00, 0.00, 0.29)(0.01, 0.03, 0.34)(0.00, 0.01, 0.37)(0.00, -0.01, 0.34)(0.00, 0.00, 0.33)(-0.02, 0.01, 0.29)(-0.01, 0.03, 0.33)(-0.02, 0.01, 0.36)(-0.02, 0.00, 0.34)(-0.01, 0.00, 0.33)(-0.02, 0.01, 0.29)(-0.03, 0.03, 0.33)(-0.04, 0.02, 0.35)(-0.03, 0.01, 0.34)(-0.02, 0.00, 0.33)
(-0.01, 0.00, 0.27)(-0.01, 0.02, 0.31)(0.01, -0.01, 0.29)(0.05, -0.01, 0.31)(0.08, -0.01, 0.33)(0.10, -0.01, 0.33)(0.00, 0.00, 0.29)(0.03, 0.03, 0.34)(0.02, 0.00, 0.37)(0.01, -0.01, 0.35)(0.01, -0.01, 0.33)(0.00, 0.00, 0.29)(0.01, 0.03, 0.34)(0.00, 0.01, 0.37)(0.00, -0.01, 0.34)(0.00, 0.00, 0.33)(-0.02, 0.01, 0.29)(-0.01, 0.03, 0.33)(-0.02, 0.01, 0.36)(-0.02, 0.00, 0.34)(-0.01, 0.00, 0.33)(-0.02, 0.01, 0.29)(-0.03, 0.03, 0.33)(-0.04, 0.02, 0.35)(-0.03, 0.01, 0.34)(-0.02, 0.00, 0.33)
(-0.04, 0.00, 0.27)(-0.04, 0.02, 0.31)(-0.02, -0.01, 0.29)(0.01, -0.01, 0.31)(0.04, -0.01, 0.33)(0.06, -0.01, 0.33)(-0.03, 0.00, 0.29)(-0.01, 0.03, 0.34)(-0.02, 0.01, 0.37)(-0.03, -0.01, 0.35)(-0.03, -0.01, 0.33)(-0.04, 0.00, 0.29)(-0.03, 0.04, 0.33)(-0.04, 0.01, 0.37)(-0.04, -0.01, 0.34)(-0.04, 0.00, 0.33)(-0.05, 0.01, 0.28)(-0.05, 0.04, 0.33)(-0.06, 0.01, 0.36)(-0.06, 0.00, 0.34)(-0.05, 0.00, 0.32)(-0.06, 0.01, 0.28)(-0.07, 0.03, 0.33)(-0.08, 0.02, 0.35)(-0.07, 0.01, 0.34)(-0.06, 0.00, 0.33)
(-0.10, 0.00, 0.25)(-0.10, 0.02, 0.30)(-0.08, 0.00, 0.28)(-0.05, 0.00, 0.31)(-0.03, 0.00, 0.33)(-0.01, 0.00, 0.33)(-0.09, 0.00, 0.28)(-0.08, 0.03, 0.33)(-0.09, 0.01, 0.36)(-0.10, 0.00, 0.34)(-0.09, 0.00, 0.32)(-0.10, 0.01, 0.27)(-0.10, 0.04, 0.32)(-0.11, 0.01, 0.35)(-0.11, -0.01, 0.33)(-0.10, 0.00, 0.31)(-0.11, 0.01, 0.27)(-0.12, 0.04, 0.32)(-0.13, 0.01, 0.34)(-0.12, 0.00, 0.33)(-0.11, 0.00, 0.31)(-0.12, 0.01, 0.27)(-0.14, 0.04, 0.31)(-0.15, 0.03, 0.33)(-0.14, 0.01, 0.32)(-0.13, 0.01, 0.31)
(-0.12, 0.00, 0.25)(-0.13, 0.02, 0.29)(-0.11, -0.01, 0.27)(-0.08, -0.01, 0.31)(-0.06, -0.01, 0.33)(-0.04, -0.01, 0.33)(-0.12, 0.00, 0.27)(-0.11, 0.03, 0.32)(-0.12, 0.01, 0.35)(-0.12, -0.01, 0.33)(-0.12, -0.01, 0.32)(-0.13, 0.00, 0.27)(-0.13, 0.03, 0.32)(-0.14, 0.01, 0.35)(-0.14, -0.01, 0.32)(-0.13, 0.00, 0.31)(-0.14, 0.01, 0.26)(-0.15, 0.03, 0.31)(-0.16, 0.01, 0.34)(-0.15, 0.00, 0.32)(-0.14, 0.00, 0.31)(-0.14, 0.01, 0.26)(-0.17, 0.03, 0.30)(-0.18, 0.02, 0.32)(-0.17, 0.01, 0.32)(-0.16, 0.00, 0.31)
(-0.13, 0.00, 0.25)(-0.14, 0.02, 0.29)(-0.12, -0.01, 0.27)(-0.09, -0.01, 0.30)(-0.07, -0.01, 0.33)(-0.05, -0.01, 0.33)(-0.13, 0.00, 0.27)(-0.12, 0.03, 0.32)(-0.13, 0.00, 0.35)(-0.14, -0.01, 0.33)(-0.13, -0.01, 0.31)(-0.14, 0.00, 0.27)(-0.14, 0.03, 0.31)(-0.15, 0.01, 0.34)(-0.15, -0.01, 0.32)(-0.14, 0.00, 0.31)(-0.15, 0.01, 0.26)(-0.16, 0.03, 0.31)(-0.17, 0.01, 0.33)(-0.16, 0.00, 0.32)(-0.15, 0.00, 0.30)(-0.15, 0.01, 0.26)(-0.18, 0.03, 0.30)(-0.19, 0.02, 0.32)(-0.18, 0.01, 0.31)(-0.17, 0.00, 0.30)
(-0.10, 0.00, 0.25)(-0.11, 0.03, 0.30)(-0.09, 0.00, 0.28)(-0.06, -0.01, 0.31)(-0.04, -0.01, 0.34)(-0.02, -0.01, 0.34)(-0.10, 0.00, 0.28)(-0.09, 0.03, 0.33)(-0.10, 0.01, 0.36)(-0.11, 0.00, 0.34)(-0.10, 0.00, 0.32)(-0.10, 0.01, 0.27)(-0.10, 0.04, 0.32)(-0.12, 0.01, 0.35)(-0.12, -0.01, 0.33)(-0.11, 0.00, 0.31)(-0.11, 0.01, 0.27)(-0.12, 0.04, 0.31)(-0.14, 0.02, 0.34)(-0.13, 0.00, 0.32)(-0.12, 0.00, 0.31)(-0.12, 0.01, 0.27)(-0.14, 0.04, 0.31)(-0.15, 0.03, 0.32)(-0.15, 0.01, 0.32)(-0.13, 0.01, 0.31)
(-0.04, 0.00, 0.26)(-0.05, 0.03, 0.31)(-0.03, 0.00, 0.29)(0.00, 0.00, 0.32)(0.03, 0.00, 0.34)(0.05, 0.00, 0.34)(-0.04, 0.01, 0.29)(-0.02, 0.03, 0.34)(-0.04, 0.01, 0.37)(-0.04, 0.00, 0.35)(-0.04, 0.00, 0.33)(-0.05, 0.01, 0.28)(-0.04, 0.04, 0.33)(-0.06, 0.02, 0.36)(-0.06, 0.00, 0.34)(-0.05, 0.00, 0.32)(-0.06, 0.01, 0.28)(-0.06, 0.04, 0.32)(-0.08, 0.02, 0.35)(-0.07, 0.00, 0.34)(-0.06, 0.01, 0.32)(-0.06, 0.01, 0.28)(-0.08, 0.04, 0.32)(-0.09, 0.03, 0.34)(-0.09, 0.01, 0.33)(-0.07, 0.01, 0.32)
(-0.01, 0.01, 0.27)(-0.02, 0.03, 0.31)(0.00, 0.00, 0.29)(0.04, 0.00, 0.32)(0.06, 0.00, 0.34)(0.08, 0.00, 0.34)(0.00, 0.01, 0.29)(0.01, 0.04, 0.35)(0.00, 0.01, 0.37)(0.00, 0.00, 0.35)(0.00, 0.00, 0.34)(-0.01, 0.01, 0.29)(-0.01, 0.04, 0.34)(-0.02, 0.02, 0.37)(-0.02, 0.00, 0.34)(-0.01, 0.01, 0.33)(-0.02, 0.02, 0.29)(-0.03, 0.04, 0.33)(-0.04, 0.02, 0.36)(-0.03, 0.01, 0.34)(-0.02, 0.01, 0.33)(-0.03, 0.02, 0.29)(-0.05, 0.04, 0.33)(-0.06, 0.03, 0.35)(-0.05, 0.02, 0.34)(-0.04, 0.01, 0.33)
(0.01, 0.00, 0.27)(0.01, 0.02, 0.32)(0.03, 0.00, 0.29)(0.06, -0.01, 0.32)(0.09, -0.01, 0.33)(0.11, -0.01, 0.33)(0.02, 0.00, 0.29)(0.04, 0.03, 0.34)(0.03, 0.01, 0.37)(0.02, -0.01, 0.35)(0.02, 0.00, 0.34)(0.01, 0.01, 0.29)(0.02, 0.04, 0.34)(0.01, 0.01, 0.37)(0.01, -0.01, 0.35)(0.01, 0.00, 0.33)(0.00, 0.01, 0.29)(0.00, 0.04, 0.34)(-0.01, 0.01, 0.36)(-0.01, 0.00, 0.35)(0.00, 0.00, 0.33)(-0.01, 0.01, 0.29)(-0.02, 0.04, 0.33)(-0.03, 0.03, 0.35)(-0.02, 0.01, 0.34)(-0.01, 0.01, 0.33)
(-0.01, 0.00, 0.27)(-0.01, 0.02, 0.31)(0.01, 0.00, 0.29)(0.04, 0.00, 0.32)(0.07, 0.00, 0.34)(0.09, 0.00, 0.33)(0.00, 0.00, 0.29)(0.02, 0.03, 0.34)(0.01, 0.01, 0.37)(0.00, -0.01, 0.35)(0.00, 0.00, 0.34)(-0.01, 0.01, 0.29)(0.00, 0.04, 0.34)(-0.01, 0.01, 0.37)(-0.01, -0.01, 0.35)(-0.01, 0.00, 0.33)(-0.02, 0.01, 0.29)(-0.02, 0.04, 0.33)(-0.03, 0.01, 0.36)(-0.03, 0.00, 0.35)(-0.02, 0.00, 0.33)(-0.03, 0.01, 0.29)(-0.04, 0.04, 0.33)(-0.05, 0.03, 0.35)(-0.04, 0.01, 0.34)(-0.03, 0.00, 0.33)
(-0.06, 0.00, 0.27)(-0.06, 0.02, 0.31)(-0.04, 0.00, 0.29)(-0.01, 0.00, 0.32)(0.02, 0.00, 0.34)(0.04, 0.00, 0.34)(-0.05, 0.00, 0.29)(-0.03, 0.03, 0.34)(-0.04, 0.01, 0.37)(-0.05, -0.01, 0.35)(-0.05, -0.01, 0.33)(-0.06, 0.00, 0.29)(-0.05, 0.04, 0.33)(-0.07, 0.01, 0.36)(-0.06, -0.01, 0.34)(-0.06, 0.00, 0.33)(-0.07, 0.01, 0.28)(-0.07, 0.03, 0.33)(-0.09, 0.01, 0.36)(-0.08, 0.00, 0.34)(-0.07, 0.00, 0.32)(-0.08, 0.01, 0.28)(-0.09, 0.03, 0.33)(-0.10, 0.02, 0.34)(-0.10, 0.01, 0.34)(-0.08, 0.00, 0.33)
(-0.10, -0.01, 0.26)(-0.11, 0.02, 0.30)(-0.08, -0.01, 0.28)(-0.05, -0.01, 0.31)(-0.03, -0.01, 0.33)(-0.01, -0.01, 0.33)(-0.09, 0.00, 0.28)(-0.08, 0.02, 0.33)(-0.09, 0.00, 0.36)(-0.10, -0.01, 0.34)(-0.09, -0.01, 0.32)(-0.10, 0.00, 0.28)(-0.10, 0.03, 0.32)(-0.11, 0.00, 0.35)(-0.11, -0.01, 0.33)(-0.10, -0.01, 0.32)(-0.11, 0.00, 0.27)(-0.12, 0.03, 0.32)(-0.13, 0.01, 0.35)(-0.12, -0.01, 0.33)(-0.11, -0.01, 0.31)(-0.12, 0.00, 0.27)(-0.14, 0.03, 0.31)(-0.15, 0.02, 0.33)(-0.14, 0.00, 0.32)(-0.13, 0.00, 0.32)
(-0.11, -0.01, 0.25)(-0.12, 0.02, 0.30)(-0.10, -0.01, 0.28)(-0.07, -0.01, 0.31)(-0.05, -0.01, 0.33)(-0.03, -0.01, 0.34)(-0.11, -0.01, 0.28)(-0.10, 0.02, 0.33)(-0.11, 0.00, 0.36)(-0.11, -0.02, 0.34)(-0.11, -0.01, 0.32)(-0.12, 0.00, 0.27)(-0.12, 0.03, 0.32)(-0.13, 0.00, 0.35)(-0.13, -0.02, 0.33)(-0.12, -0.01, 0.31)(-0.13, 0.00, 0.27)(-0.14, 0.03, 0.31)(-0.15, 0.00, 0.34)(-0.14, -0.01, 0.33)(-0.13, -0.01, 0.31)(-0.14, 0.00, 0.27)(-0.16, 0.02, 0.31)(-0.17, 0.01, 0.33)(-0.16, 0.00, 0.32)(-0.14, -0.01, 0.31)
(-0.11, -0.01, 0.25)(-0.12, 0.01, 0.30)(-0.09, -0.01, 0.28)(-0.06, -0.01, 0.31)(-0.04, -0.02, 0.33)(-0.02, -0.02, 0.34)(-0.10, -0.01, 0.28)(-0.09, 0.02, 0.33)(-0.10, 0.00, 0.36)(-0.11, -0.02, 0.34)(-0.11, -0.02, 0.32)(-0.11, 0.00, 0.27)(-0.11, 0.03, 0.32)(-0.13, 0.00, 0.35)(-0.12, -0.02, 0.33)(-0.11, -0.01, 0.31)(-0.12, 0.00, 0.27)(-0.13, 0.03, 0.32)(-0.14, 0.00, 0.34)(-0.14, -0.01, 0.33)(-0.12, -0.01, 0.31)(-0.13, 0.00, 0.27)(-0.15, 0.02, 0.31)(-0.16, 0.01, 0.33)(-0.15, 0.00, 0.32)(-0.14, -0.01, 0.31)
(-0.05, 0.00, 0.26)(-0.05, 0.02, 0.30)(-0.03, -0.01, 0.28)(0.00, -0.01, 0.32)(0.02, -0.01, 0.34)(0.04, -0.01, 0.34)(-0.04, 0.00, 0.28)(-0.03, 0.03, 0.34)(-0.04, 0.01, 0.36)(-0.05, -0.01, 0.34)(-0.04, -0.01, 0.33)(-0.05, 0.00, 0.28)(-0.05, 0.04, 0.33)(-0.06, 0.01, 0.36)(-0.06, -0.01, 0.34)(-0.05, 0.00, 0.32)(-0.06, 0.01, 0.28)(-0.07, 0.04, 0.32)(-0.08, 0.01, 0.35)(-0.07, 0.00, 0.33)(-0.06, 0.00, 0.32)(-0.07, 0.01, 0.27)(-0.09, 0.03, 0.32)(-0.10, 0.02, 0.33)(-0.09, 0.01, 0.33)(-0.08, 0.00, 0.32)
(-0.01, 0.01, 0.26)(-0.01, 0.03, 0.31)(0.01, 0.00, 0.28)(0.05, 0.00, 0.31)(0.07, 0.00, 0.33)(0.09, 0.00, 0.33)(0.00, 0.01, 0.28)(0.02, 0.04, 0.34)(0.02, 0.01, 0.36)(0.01, 0.00, 0.34)(0.01, 0.00, 0.33)(0.00, 0.01, 0.28)(0.00, 0.05, 0.33)(-0.01, 0.02, 0.36)(-0.01, 0.00, 0.34)(0.00, 0.01, 0.32)(-0.02, 0.02, 0.28)(-0.02, 0.05, 0.33)(-0.03, 0.02, 0.35)(-0.02, 0.01, 0.34)(-0.01, 0.01, 0.32)(-0.02, 0.02, 0.28)(-0.04, 0.04, 0.32)(-0.04, 0.03, 0.34)(-0.04, 0.02, 0.33)(-0.03, 0.01, 0.32)
(0.02, 0.00, 0.26)(0.02, 0.03, 0.31)(0.04, 0.00, 0.28)(0.08, 0.00, 0.31)(0.10, 0.00, 0.33)(0.13, 0.00, 0.33)(0.03, 0.01, 0.28)(0.06, 0.03, 0.33)(0.05, 0.01, 0.36)(0.04, 0.00, 0.34)(0.04, 0.00, 0.33)(0.02, 0.01, 0.28)(0.04, 0.04, 0.33)(0.03, 0.01, 0.36)(0.03, 0.00, 0.34)(0.03, 0.00, 0.32)(0.01, 0.01, 0.28)(0.02, 0.04, 0.33)(0.01, 0.02, 0.36)(0.01, 0.00, 0.34)(0.02, 0.00, 0.32)(0.00, 0.01, 0.28)(0.00, 0.04, 0.33)(-0.01, 0.03, 0.34)(-0.01, 0.01, 0.34)(0.00, 0.01, 0.32)
(0.01, 0.00, 0.26)(0.02, 0.03, 0.31)(0.03, 0.00, 0.29)(0.07, 0.00, 0.31)(0.10, 0.00, 0.33)(0.12, 0.00, 0.33)(0.02, 0.00, 0.29)(0.05, 0.03, 0.34)(0.04, 0.01, 0.36)(0.03, -0.01, 0.35)(0.03, 0.00, 0.33)(0.02, 0.01, 0.28)(0.03, 0.04, 0.33)(0.02, 0.01, 0.36)(0.02, -0.01, 0.34)(0.02, 0.00, 0.32)(0.01, 0.01, 0.28)(0.01, 0.04, 0.33)(0.00, 0.01, 0.36)(0.00, 0.00, 0.34)(0.01, 0.00, 0.32)(0.00, 0.01, 0.28)(-0.01, 0.04, 0.33)(-0.02, 0.03, 0.35)(-0.01, 0.01, 0.34)(0.00, 0.01, 0.33)
(-0.04, 0.00, 0.26)(-0.04, 0.03, 0.31)(-0.02, 0.00, 0.29)(0.02, 0.00, 0.31)(0.04, 0.00, 0.33)(0.06, 0.00, 0.33)(-0.03, 0.01, 0.28)(-0.01, 0.03, 0.34)(-0.01, 0.01, 0.36)(-0.02, 0.00, 0.35)(-0.02, 0.00, 0.33)(-0.04, 0.01, 0.28)(-0.03, 0.04, 0.33)(-0.04, 0.01, 0.36)(-0.04, 0.00, 0.34)(-0.03, 0.00, 0.32)(-0.05, 0.01, 0.28)(-0.05, 0.04, 0.33)(-0.06, 0.02, 0.36)(-0.05, 0.00, 0.34)(-0.04, 0.00, 0.32)(-0.06, 0.01, 0.28)(-0.07, 0.04, 0.33)(-0.07, 0.03, 0.34)(-0.07, 0.01, 0.34)(-0.06, 0.01, 0.33)
(-0.08, 0.01, 0.26)(-0.08, 0.03, 0.30)(-0.06, 0.00, 0.28)(-0.03, 0.00, 0.31)(0.00, 0.00, 0.33)(0.02, 0.00, 0.33)(-0.07, 0.01, 0.28)(-0.05, 0.03, 0.33)(-0.06, 0.01, 0.36)(-0.07, 0.00, 0.34)(-0.07, 0.00, 0.32)(-0.08, 0.01, 0.28)(-0.07, 0.04, 0.33)(-0.09, 0.02, 0.36)(-0.08, 0.00, 0.33)(-0.08, 0.00, 0.32)(-0.09, 0.01, 0.27)(-0.09, 0.04, 0.32)(-0.10, 0.02, 0.35)(-0.10, 0.00, 0.33)(-0.09, 0.00, 0.31)(-0.10, 0.01, 0.27)(-0.11, 0.04, 0.32)(-0.12, 0.03, 0.33)(-0.11, 0.01, 0.33)(-0.10, 0.01, 0.32)
(-0.12, 0.00, 0.25)(-0.12, 0.02, 0.29)(-0.10, 0.00, 0.27)(-0.07, 0.00, 0.30)(-0.05, 0.00, 0.33)(-0.02, 0.00, 0.33)(-0.11, 0.00, 0.27)(-0.10, 0.03, 0.32)(-0.11, 0.01, 0.35)(-0.11, -0.01, 0.33)(-0.11, 0.00, 0.32)(-0.12, 0.01, 0.27)(-0.12, 0.04, 0.31)(-0.13, 0.01, 0.35)(-0.13, -0.01, 0.32)(-0.12, 0.00, 0.31)(-0.13, 0.01, 0.26)(-0.14, 0.04, 0.31)(-0.15, 0.01, 0.34)(-0.14, 0.00, 0.32)(-0.13, 0.00, 0.30)(-0.14, 0.01, 0.26)(-0.16, 0.03, 0.30)(-0.17, 0.02, 0.32)(-0.16, 0.01, 0.31)(-0.15, 0.00, 0.31)
(-0.13, 0.00, 0.25)(-0.14, 0.02, 0.29)(-0.11, 0.00, 0.27)(-0.08, 0.00, 0.31)(-0.06, 0.00, 0.33)(-0.04, 0.00, 0.33)(-0.12, 0.00, 0.27)(-0.11, 0.03, 0.32)(-0.12, 0.01, 0.35)(-0.13, 0.00, 0.33)(-0.12, 0.00, 0.32)(-0.13, 0.01, 0.27)(-0.13, 0.04, 0.32)(-0.15, 0.01, 0.34)(-0.14, -0.01, 0.32)(-0.13, 0.00, 0.31)(-0.14, 0.01, 0.26)(-0.15, 0.04, 0.31)(-0.16, 0.01, 0.33)(-0.15, 0.00, 0.32)(-0.14, 0.00, 0.30)(-0.15, 0.01, 0.26)(-0.17, 0.03, 0.30)(-0.18, 0.02, 0.32)(-0.17, 0.01, 0.31)(-0.16, 0.01, 0.30)
(-0.10, 0.01, 0.25)(-0.11, 0.03, 0.29)(-0.09, 0.00, 0.28)(-0.06, 0.00, 0.31)(-0.04, 0.00, 0.33)(-0.02, 0.00, 0.34)(-0.10, 0.01, 0.27)(-0.09, 0.04, 0.33)(-0.10, 0.02, 0.35)(-0.10, 0.00, 0.34)(-0.10, 0.00, 0.32)(-0.10, 0.01, 0.27)(-0.11, 0.05, 0.32)(-0.12, 0.02, 0.35)(-0.12, 0.00, 0.32)(-0.11, 0.01, 0.31)(-0.11, 0.02, 0.27)(-0.12, 0.04, 0.31)(-0.14, 0.02, 0.34)(-0.13, 0.01, 0.32)(-0.12, 0.01, 0.31)(-0.12, 0.02, 0.26)(-0.14, 0.04, 0.31)(-0.15, 0.03, 0.32)(-0.15, 0.02, 0.32)(-0.13, 0.01, 0.31)
(-0.04, 0.01, 0.26)(-0.04, 0.04, 0.30)(-0.02, 0.01, 0.28)(0.01, 0.01, 0.31)(0.04, 0.01, 0.34)(0.06, 0.01, 0.34)(-0.03, 0.01, 0.28)(-0.01, 0.04, 0.33)(-0.02, 0.02, 0.36)(-0.03, 0.01, 0.34)(-0.03, 0.01, 0.33)(-0.04, 0.02, 0.28)(-0.03, 0.05, 0.33)(-0.05, 0.02, 0.36)(-0.04, 0.01, 0.34)(-0.04, 0.01, 0.32)(-0.05, 0.02, 0.28)(-0.05, 0.05, 0.32)(-0.07, 0.03, 0.35)(-0.06, 0.01, 0.33)(-0.05, 0.01, 0.32)(-0.06, 0.02, 0.28)(-0.07, 0.05, 0.32)(-0.08, 0.04, 0.34)(-0.08, 0.02, 0.33)(-0.06, 0.02, 0.32)
(0.00, 0.01, 0.27)(0.00, 0.03, 0.31)(0.02, 0.01, 0.29)(0.06, 0.01, 0.31)(0.08, 0.01, 0.33)(0.10, 0.01, 0.34)(0.01, 0.01, 0.29)(0.04, 0.04, 0.34)(0.03, 0.02, 0.37)(0.02, 0.00, 0.35)(0.02, 0.00, 0.33)(0.00, 0.02, 0.29)(0.02, 0.05, 0.33)(0.01, 0.02, 0.37)(0.01, 0.00, 0.34)(0.01, 0.01, 0.33)(-0.01, 0.02, 0.29)(0.00, 0.05, 0.33)(-0.01, 0.02, 0.36)(-0.01, 0.01, 0.34)(0.00, 0.01, 0.32)(-0.02, 0.02, 0.29)(-0.03, 0.04, 0.33)(-0.03, 0.03, 0.35)(-0.03, 0.02, 0.34)(-0.02, 0.01, 0.33)
(0.02, 0.00, 0.27)(0.03, 0.03, 0.31)(0.05, 0.00, 0.29)(0.08, 0.00, 0.32)(0.11, 0.00, 0.33)(0.13, 0.00, 0.34)(0.04, 0.01, 0.29)(0.06, 0.03, 0.34)(0.05, 0.01, 0.37)(0.04, 0.00, 0.35)(0.04, 0.00, 0.34)(0.03, 0.01, 0.29)(0.04, 0.04, 0.34)(0.03, 0.01, 0.37)(0.03, 0.00, 0.35)(0.03, 0.00, 0.33)(0.02, 0.01, 0.29)(0.02, 0.04, 0.34)(0.01, 0.02, 0.36)(0.02, 0.00, 0.35)(0.02, 0.00, 0.33)(0.01, 0.01, 0.29)(0.00, 0.04, 0.34)(-0.01, 0.03, 0.35)(0.00, 0.01, 0.34)(0.01, 0.01, 0.33)
(0.01, 0.01, 0.27)(0.01, 0.03, 0.32)(0.03, 0.00, 0.29)(0.07, 0.00, 0.32)(0.09, 0.00, 0.33)(0.11, 0.00, 0.33)(0.02, 0.01, 0.29)(0.04, 0.03, 0.34)(0.04, 0.01, 0.37)(0.03, 0.00, 0.35)(0.03, 0.00, 0.34)(0.01, 0.01, 0.29)(0.02, 0.04, 0.34)(0.01, 0.02, 0.37)(0.01, 0.00, 0.35)(0.02, 0.00, 0.33)(0.00, 0.02, 0.29)(0.00, 0.04, 0.34)(-0.01, 0.02, 0.37)(0.00, 0.00, 0.35)(0.00, 0.01, 0.33)(-0.01, 0.02, 0.29)(-0.02, 0.04, 0.34)(-0.02, 0.03, 0.35)(-0.02, 0.01, 0.35)(-0.01, 0.01, 0.33)
(-0.03, 0.01, 0.27)(-0.03, 0.03, 0.31)(-0.01, 0.00, 0.29)(0.03, 0.00, 0.32)(0.05, 0.00, 0.34)(0.07, 0.00, 0.33)(-0.02, 0.01, 0.29)(0.00, 0.04, 0.34)(0.00, 0.01, 0.37)(-0.01, 0.00, 0.35)(-0.01, 0.00, 0.33)(-0.03, 0.01, 0.29)(-0.02, 0.04, 0.34)(-0.03, 0.02, 0.37)(-0.03, 0.00, 0.34)(-0.02, 0.01, 0.33)(-0.04, 0.02, 0.29)(-0.04, 0.04, 0.33)(-0.05, 0.02, 0.36)(-0.04, 0.01, 0.34)(-0.03, 0.01, 0.33)(-0.05, 0.02, 0.29)(-0.06, 0.04, 0.33)(-0.06, 0.03, 0.35)(-0.06, 0.02, 0.34)(-0.05, 0.01, 0.33)
(-0.07, 0.00, 0.26)(-0.08, 0.03, 0.31)(-0.05, 0.00, 0.29)(-0.02, 0.00, 0.32)(0.00, 0.00, 0.34)(0.02, 0.00, 0.34)(-0.06, 0.01, 0.28)(-0.05, 0.03, 0.34)(-0.06, 0.01, 0.36)(-0.06, 0.00, 0.35)(-0.06, 0.00, 0.33)(-0.07, 0.01, 0.28)(-0.07, 0.04, 0.33)(-0.08, 0.01, 0.36)(-0.08, 0.00, 0.34)(-0.07, 0.00, 0.32)(-0.08, 0.01, 0.28)(-0.09, 0.04, 0.32)(-0.10, 0.02, 0.35)(-0.09, 0.00, 0.33)(-0.08, 0.00, 0.32)(-0.09, 0.01, 0.28)(-0.11, 0.04, 0.32)(-0.11, 0.03, 0.34)(-0.11, 0.01, 0.33)(-0.10, 0.01, 0.32)
(-0.10, 0.00, 0.25)(-0.10, 0.03, 0.30)(-0.08, 0.00, 0.28)(-0.05, 0.00, 0.31)(-0.03, 0.00, 0.33)(-0.01, 0.00, 0.34)(-0.09, 0.01, 0.28)(-0.08, 0.03, 0.33)(-0.09, 0.01, 0.36)(-0.10, 0.00, 0.34)(-0.09, 0.00, 0.32)(-0.10, 0.01, 0.27)(-0.10, 0.04, 0.32)(-0.11, 0.02, 0.35)(-0.11, 0.00, 0.33)(-0.10, 0.00, 0.31)(-0.11, 0.01, 0.27)(-0.12, 0.04, 0.32)(-0.13, 0.02, 0.34)(-0.12, 0.00, 0.33)(-0.11, 0.01, 0.31)(-0.12, 0.01, 0.27)(-0.14, 0.04, 0.31)(-0.15, 0.03, 0.33)(-0.14, 0.01, 0.32)(-0.13, 0.01, 0.31)
(-0.11, 0.01, 0.25)(-0.12, 0.03, 0.29)(-0.09, 0.01, 0.28)(-0.06, 0.00, 0.31)(-0.04, 0.00, 0.33)(-0.02, 0.00, 0.34)(-0.10, 0.01, 0.27)(-0.09, 0.04, 0.33)(-0.10, 0.02, 0.35)(-0.11, 0.00, 0.34)(-0.11, 0.00, 0.32)(-0.11, 0.01, 0.27)(-0.11, 0.05, 0.32)(-0.13, 0.02, 0.35)(-0.12, 0.00, 0.32)(-0.11, 0.01, 0.31)(-0.12, 0.02, 0.27)(-0.13, 0.05, 0.31)(-0.15, 0.02, 0.34)(-0.14, 0.01, 0.32)(-0.13, 0.01, 0.31)(-0.13, 0.02, 0.26)(-0.15, 0.04, 0.31)(-0.16, 0.03, 0.32)(-0.15, 0.02, 0.32)(-0.14, 0.01, 0.31)
(-0.08, 0.01, 0.25)(-0.08, 0.03, 0.30)(-0.06, 0.01, 0.28)(-0.03, 0.01, 0.31)(-0.01, 0.01, 0.33)(0.01, 0.01, 0.34)(-0.07, 0.01, 0.28)(-0.06, 0.04, 0.33)(-0.07, 0.02, 0.36)(-0.08, 0.00, 0.34)(-0.07, 0.01, 0.32)(-0.08, 0.02, 0.27)(-0.08, 0.05, 0.32)(-0.09, 0.02, 0.35)(-0.09, 0.00, 0.33)(-0.08, 0.01, 0.31)(-0.09, 0.02, 0.27)(-0.10, 0.05, 0.32)(-0.11, 0.02, 0.34)(-0.10, 0.01, 0.33)(-0.09, 0.01, 0.31)(-0.10, 0.02, 0.27)(-0.12, 0.04, 0.31)(-0.13, 0.03, 0.33)(-0.12, 0.02, 0.32)(-0.11, 0.01, 0.31)
(-0.02, 0.01, 0.26)(-0.03, 0.03, 0.30)(0.00, 0.01, 0.28)(0.03, 0.01, 0.31)(0.05, 0.01, 0.33)(0.07, 0.01, 0.33)(-0.01, 0.01, 0.28)(0.00, 0.04, 0.33)(-0.01, 0.02, 0.36)(-0.01, 0.00, 0.34)(-0.01, 0.01, 0.33)(-0.02, 0.02, 0.28)(-0.02, 0.05, 0.33)(-0.03, 0.02, 0.36)(-0.03, 0.00, 0.33)(-0.02, 0.01, 0.32)(-0.03, 0.02, 0.28)(-0.04, 0.05, 0.32)(-0.05, 0.02, 0.35)(-0.04, 0.01, 0.33)(-0.03, 0.01, 0.32)(-0.04, 0.02, 0.27)(-0.06, 0.04, 0.32)(-0.07, 0.03, 0.34)(-0.06, 0.02, 0.33)(-0.05, 0.01, 0.32)
(0.00, 0.01, 0.27)(0.00, 0.03, 0.31)(0.02, 0.00, 0.29)(0.06, 0.00, 0.31)(0.08, 0.00, 0.33)(0.10, 0.00, 0.33)(0.01, 0.01, 0.29)(0.03, 0.04, 0.34)(0.03, 0.02, 0.37)(0.02, 0.00, 0.35)(0.02, 0.00, 0.33)(0.00, 0.01, 0.29)(0.01, 0.04, 0.33)(0.00, 0.02, 0.36)(0.00, 0.00, 0.34)(0.01, 0.01, 0.32)(-0.01, 0.02, 0.28)(-0.01, 0.04, 0.33)(-0.02, 0.02, 0.36)(-0.01, 0.01, 0.34)(0.00, 0.01, 0.32)(-0.02, 0.02, 0.28)(-0.03, 0.04, 0.33)(-0.03, 0.03, 0.35)(-0.03, 0.01, 0.34)(-0.02, 0.01, 0.33)
(0.00, 0.01, 0.27)(0.00, 0.03, 0.31)(0.02, 0.00, 0.29)(0.06, 0.00, 0.31)(0.08, 0.00, 0.33)(0.10, 0.00, 0.33)(0.01, 0.01, 0.29)(0.03, 0.04, 0.34)(0.03, 0.02, 0.37)(0.02, 0.00, 0.35)(0.02, 0.00, 0.33)(0.00, 0.01, 0.29)(0.01, 0.04, 0.33)(0.00, 0.02, 0.36)(0.00, 0.00, 0.34)(0.01, 0.01, 0.32)(-0.01, 0.02, 0.28)(-0.01, 0.04, 0.33)(-0.02, 0.02, 0.36)(-0.01, 0.01, 0.34)(0.00, 0.01, 0.32)(-0.02, 0.02, 0.28)(-0.03, 0.04, 0.33)(-0.03, 0.03, 0.35)(-0.03, 0.01, 0.34)(-0.02, 0.01, 0.33)

