(0.25, -0.11, 0.49)(0.27, -0.08, 0.52)(0.23, -0.09, 0.49)(0.22, -0.06, 0.52)(0.22, -0.04, 0.55)(0.23, -0.05, 0.56)(0.24, -0.09, 0.50)(0.26, -0.03, 0.52)(0.26, 0.00, 0.55)(0.25, 0.01, 0.58)(0.25, 0.01, 0.59)(0.25, -0.10, 0.50)(0.27, -0.05, 0.53)(0.26, -0.04, 0.57)(0.24, -0.06, 0.56)(0.24, -0.06, 0.55)(0.26, -0.10, 0.50)(0.28, -0.06, 0.53)(0.26, -0.06, 0.57)(0.25, -0.07, 0.56)(0.25, -0.08, 0.54)(0.26, -0.11, 0.51)(0.29, -0.08, 0.55)(0.27, -0.08, 0.57)(0.26, -0.09, 0.56)(0.26, -0.09, 0.54)
(0.25, -0.10, 0.49)(0.27, -0.07, 0.52)(0.23, -0.08, 0.50)(0.21, -0.05, 0.52)(0.22, -0.04, 0.55)(0.23, -0.05, 0.56)(0.24, -0.09, 0.50)(0.26, -0.03, 0.52)(0.25, 0.00, 0.56)(0.25, 0.01, 0.58)(0.25, 0.01, 0.59)(0.25, -0.09, 0.50)(0.27, -0.04, 0.53)(0.26, -0.03, 0.57)(0.24, -0.05, 0.56)(0.23, -0.06, 0.55)(0.26, -0.10, 0.50)(0.28, -0.06, 0.54)(0.26, -0.06, 0.57)(0.25, -0.07, 0.56)(0.25, -0.08, 0.54)(0.26, -0.11, 0.51)(0.29, -0.08, 0.55)(0.27, -0.08, 0.57)(0.26, -0.08, 0.56)(0.25, -0.08, 0.54)
(0.25, -0.10, 0.48)(0.27, -0.07, 0.51)(0.23, -0.08, 0.49)(0.21, -0.05, 0.51)(0.22, -0.04, 0.54)(0.23, -0.05, 0.56)(0.24, -0.09, 0.49)(0.26, -0.03, 0.52)(0.25, 0.00, 0.55)(0.25, 0.01, 0.57)(0.25, 0.01, 0.59)(0.25, -0.09, 0.49)(0.27, -0.04, 0.52)(0.26, -0.03, 0.56)(0.24, -0.05, 0.56)(0.24, -0.06, 0.54)(0.26, -0.10, 0.50)(0.28, -0.06, 0.53)(0.26, -0.06, 0.56)(0.25, -0.07, 0.55)(0.25, -0.08, 0.53)(0.26, -0.11, 0.50)(0.29, -0.08, 0.54)(0.27, -0.08, 0.56)(0.26, -0.08, 0.55)(0.25, -0.08, 0.54)
(0.24, -0.10, 0.48)(0.26, -0.07, 0.50)(0.23, -0.08, 0.48)(0.21, -0.05, 0.51)(0.22, -0.04, 0.54)(0.23, -0.05, 0.55)(0.24, -0.09, 0.49)(0.25, -0.03, 0.51)(0.25, 0.00, 0.55)(0.24, 0.01, 0.57)(0.24, 0.01, 0.58)(0.25, -0.09, 0.49)(0.27, -0.04, 0.52)(0.25, -0.03, 0.56)(0.23, -0.05, 0.55)(0.23, -0.06, 0.54)(0.25, -0.10, 0.49)(0.28, -0.06, 0.52)(0.26, -0.06, 0.56)(0.24, -0.07, 0.55)(0.24, -0.08, 0.53)(0.26, -0.10, 0.50)(0.28, -0.08, 0.54)(0.27, -0.07, 0.56)(0.26, -0.08, 0.55)(0.25, -0.08, 0.53)
(0.25, -0.10, 0.46)(0.26, -0.07, 0.49)(0.23, -0.08, 0.47)(0.21, -0.05, 0.49)(0.22, -0.04, 0.52)(0.23, -0.05, 0.54)(0.24, -0.09, 0.47)(0.25, -0.03, 0.49)(0.25, 0.00, 0.53)(0.25, 0.01, 0.55)(0.24, 0.01, 0.56)(0.25, -0.09, 0.47)(0.27, -0.04, 0.50)(0.25, -0.03, 0.54)(0.23, -0.05, 0.53)(0.23, -0.06, 0.52)(0.26, -0.10, 0.47)(0.28, -0.06, 0.51)(0.26, -0.06, 0.54)(0.24, -0.07, 0.53)(0.24, -0.08, 0.51)(0.26, -0.10, 0.48)(0.28, -0.08, 0.52)(0.27, -0.07, 0.54)(0.25, -0.08, 0.53)(0.25, -0.08, 0.51)
(0.25, -0.11, 0.41)(0.27, -0.08, 0.43)(0.24, -0.09, 0.41)(0.22, -0.06, 0.44)(0.22, -0.05, 0.47)(0.23, -0.05, 0.49)(0.25, -0.10, 0.42)(0.26, -0.04, 0.44)(0.26, -0.01, 0.47)(0.26, 0.00, 0.49)(0.25, 0.01, 0.51)(0.25, -0.10, 0.42)(0.28, -0.05, 0.45)(0.26, -0.04, 0.49)(0.24, -0.06, 0.48)(0.24, -0.07, 0.47)(0.26, -0.11, 0.42)(0.28, -0.07, 0.45)(0.27, -0.06, 0.49)(0.25, -0.08, 0.48)(0.25, -0.08, 0.46)(0.26, -0.11, 0.43)(0.29, -0.08, 0.47)(0.28, -0.08, 0.49)(0.26, -0.09, 0.48)(0.26, -0.09, 0.46)
(0.24, -0.12, 0.35)(0.27, -0.09, 0.38)(0.23, -0.10, 0.36)(0.22, -0.06, 0.38)(0.23, -0.05, 0.41)(0.24, -0.05, 0.42)(0.24, -0.11, 0.36)(0.26, -0.05, 0.38)(0.27, -0.01, 0.41)(0.27, 0.00, 0.43)(0.27, 0.01, 0.44)(0.25, -0.11, 0.36)(0.28, -0.06, 0.38)(0.27, -0.04, 0.42)(0.25, -0.06, 0.43)(0.24, -0.07, 0.41)(0.26, -0.12, 0.37)(0.28, -0.08, 0.39)(0.27, -0.07, 0.43)(0.25, -0.08, 0.42)(0.25, -0.09, 0.40)(0.26, -0.12, 0.37)(0.29, -0.09, 0.41)(0.28, -0.09, 0.43)(0.26, -0.09, 0.42)(0.26, -0.09, 0.41)
(0.23, -0.14, 0.30)(0.25, -0.11, 0.32)(0.22, -0.12, 0.30)(0.21, -0.08, 0.32)(0.22, -0.06, 0.35)(0.23, -0.05, 0.36)(0.23, -0.12, 0.31)(0.25, -0.06, 0.32)(0.26, -0.03, 0.34)(0.26, -0.02, 0.37)(0.26, -0.01, 0.38)(0.23, -0.13, 0.31)(0.27, -0.08, 0.33)(0.26, -0.06, 0.36)(0.24, -0.07, 0.37)(0.23, -0.08, 0.36)(0.24, -0.14, 0.31)(0.27, -0.10, 0.34)(0.26, -0.08, 0.37)(0.24, -0.09, 0.36)(0.23, -0.10, 0.35)(0.24, -0.14, 0.32)(0.28, -0.11, 0.35)(0.27, -0.10, 0.37)(0.25, -0.11, 0.37)(0.24, -0.11, 0.35)
(0.19, -0.15, 0.27)(0.21, -0.12, 0.29)(0.18, -0.13, 0.27)(0.17, -0.09, 0.28)(0.17, -0.06, 0.31)(0.18, -0.06, 0.32)(0.19, -0.13, 0.28)(0.21, -0.08, 0.28)(0.22, -0.04, 0.31)(0.22, -0.03, 0.33)(0.21, -0.02, 0.34)(0.19, -0.14, 0.28)(0.22, -0.09, 0.30)(0.21, -0.06, 0.33)(0.19, -0.08, 0.34)(0.18, -0.09, 0.33)(0.20, -0.15, 0.28)(0.23, -0.11, 0.31)(0.21, -0.09, 0.34)(0.19, -0.10, 0.33)(0.18, -0.11, 0.32)(0.20, -0.15, 0.29)(0.23, -0.12, 0.32)(0.22, -0.11, 0.34)(0.20, -0.11, 0.34)(0.19, -0.12, 0.33)
(0.14, -0.15, 0.26)(0.16, -0.11, 0.28)(0.13, -0.12, 0.26)(0.11, -0.08, 0.26)(0.12, -0.06, 0.29)(0.12, -0.05, 0.30)(0.13, -0.13, 0.26)(0.15, -0.07, 0.27)(0.16, -0.03, 0.29)(0.15, -0.02, 0.31)(0.15, -0.01, 0.32)(0.14, -0.13, 0.27)(0.17, -0.08, 0.28)(0.15, -0.05, 0.32)(0.13, -0.06, 0.32)(0.12, -0.07, 0.32)(0.15, -0.14, 0.27)(0.17, -0.09, 0.30)(0.15, -0.07, 0.33)(0.13, -0.09, 0.32)(0.12, -0.10, 0.31)(0.15, -0.14, 0.28)(0.17, -0.11, 0.31)(0.16, -0.09, 0.33)(0.14, -0.10, 0.33)(0.13, -0.10, 0.32)
(0.10, -0.12, 0.26)(0.12, -0.09, 0.28)(0.09, -0.10, 0.26)(0.07, -0.06, 0.26)(0.08, -0.03, 0.28)(0.08, -0.02, 0.29)(0.09, -0.10, 0.26)(0.11, -0.04, 0.27)(0.12, 0.00, 0.28)(0.12, 0.01, 0.30)(0.12, 0.02, 0.31)(0.10, -0.11, 0.27)(0.13, -0.05, 0.28)(0.13, -0.01, 0.31)(0.11, 0.00, 0.33)(0.10, 0.00, 0.34)(0.10, -0.11, 0.28)(0.13, -0.06, 0.30)(0.13, -0.03, 0.32)(0.12, -0.02, 0.34)(0.10, -0.02, 0.35)(0.11, -0.12, 0.28)(0.14, -0.08, 0.31)(0.14, -0.06, 0.33)(0.13, -0.05, 0.34)(0.12, -0.04, 0.35)
(0.03, -0.11, 0.28)(0.05, -0.08, 0.30)(0.02, -0.09, 0.28)(0.00, -0.05, 0.28)(0.00, -0.02, 0.29)(0.00, 0.00, 0.29)(0.03, -0.09, 0.28)(0.04, -0.03, 0.30)(0.06, 0.01, 0.30)(0.07, 0.03, 0.31)(0.07, 0.04, 0.32)(0.03, -0.10, 0.29)(0.06, -0.04, 0.31)(0.09, 0.00, 0.31)(0.10, 0.02, 0.31)(0.10, 0.04, 0.32)(0.04, -0.11, 0.29)(0.07, -0.05, 0.32)(0.10, -0.02, 0.32)(0.11, 0.00, 0.33)(0.11, 0.02, 0.34)(0.05, -0.11, 0.30)(0.08, -0.07, 0.33)(0.10, -0.05, 0.32)(0.12, -0.04, 0.33)(0.12, -0.03, 0.34)
(-0.04, -0.15, 0.27)(-0.06, -0.10, 0.28)(-0.07, -0.14, 0.27)(-0.11, -0.13, 0.27)(-0.14, -0.11, 0.27)(-0.15, -0.10, 0.27)(-0.06, -0.14, 0.27)(-0.10, -0.09, 0.27)(-0.12, -0.04, 0.27)(-0.13, -0.02, 0.27)(-0.14, -0.01, 0.27)(-0.05, -0.14, 0.27)(-0.08, -0.07, 0.28)(-0.09, -0.03, 0.27)(-0.10, 0.00, 0.27)(-0.11, 0.02, 0.27)(-0.04, -0.13, 0.28)(-0.06, -0.07, 0.29)(-0.07, -0.03, 0.28)(-0.08, -0.01, 0.28)(-0.08, 0.01, 0.28)(-0.03, -0.13, 0.28)(-0.04, -0.08, 0.30)(-0.04, -0.04, 0.29)(-0.04, -0.02, 0.30)(-0.04, -0.01, 0.30)
(-0.03, -0.15, 0.24)(-0.05, -0.11, 0.25)(-0.06, -0.15, 0.25)(-0.10, -0.14, 0.24)(-0.13, -0.13, 0.25)(-0.15, -0.12, 0.25)(-0.05, -0.14, 0.25)(-0.09, -0.10, 0.25)(-0.12, -0.06, 0.24)(-0.14, -0.04, 0.23)(-0.15, -0.03, 0.24)(-0.04, -0.14, 0.25)(-0.08, -0.08, 0.25)(-0.10, -0.04, 0.24)(-0.12, -0.01, 0.24)(-0.13, 0.00, 0.24)(-0.03, -0.13, 0.25)(-0.06, -0.07, 0.26)(-0.08, -0.03, 0.25)(-0.09, -0.01, 0.25)(-0.10, 0.00, 0.25)(-0.02, -0.13, 0.26)(-0.04, -0.07, 0.27)(-0.05, -0.04, 0.26)(-0.05, -0.02, 0.26)(-0.06, -0.01, 0.26)
(0.01, -0.11, 0.25)(0.01, -0.07, 0.26)(-0.01, -0.10, 0.25)(-0.05, -0.06, 0.25)(-0.06, -0.04, 0.25)(-0.08, -0.02, 0.25)(0.00, -0.09, 0.25)(-0.02, -0.03, 0.26)(-0.02, 0.01, 0.25)(-0.02, 0.04, 0.25)(-0.03, 0.05, 0.26)(0.00, -0.10, 0.26)(0.01, -0.03, 0.26)(0.01, 0.02, 0.26)(0.01, 0.05, 0.26)(0.01, 0.07, 0.27)(0.02, -0.10, 0.26)(0.02, -0.03, 0.28)(0.03, 0.01, 0.27)(0.03, 0.03, 0.27)(0.04, 0.05, 0.28)(0.02, -0.10, 0.27)(0.04, -0.05, 0.29)(0.05, -0.02, 0.28)(0.06, 0.00, 0.29)(0.06, 0.02, 0.29)
(0.03, -0.09, 0.24)(0.05, -0.06, 0.27)(0.02, -0.07, 0.25)(0.01, -0.02, 0.25)(0.01, 0.01, 0.26)(0.00, 0.03, 0.27)(0.03, -0.07, 0.25)(0.05, -0.01, 0.27)(0.07, 0.03, 0.28)(0.08, 0.05, 0.29)(0.08, 0.06, 0.30)(0.04, -0.08, 0.25)(0.07, -0.03, 0.28)(0.10, 0.01, 0.29)(0.11, 0.04, 0.30)(0.12, 0.05, 0.31)(0.04, -0.09, 0.26)(0.08, -0.04, 0.29)(0.11, -0.01, 0.30)(0.12, 0.01, 0.31)(0.13, 0.02, 0.31)(0.05, -0.09, 0.26)(0.08, -0.06, 0.30)(0.11, -0.04, 0.30)(0.12, -0.03, 0.31)(0.13, -0.02, 0.31)
(0.02, -0.11, 0.25)(0.02, -0.06, 0.27)(-0.01, -0.10, 0.26)(-0.04, -0.07, 0.25)(-0.07, -0.05, 0.26)(-0.08, -0.04, 0.26)(0.00, -0.09, 0.26)(-0.02, -0.03, 0.26)(-0.03, 0.01, 0.25)(-0.03, 0.03, 0.25)(-0.04, 0.05, 0.26)(0.01, -0.09, 0.26)(0.00, -0.03, 0.26)(0.00, 0.02, 0.26)(0.00, 0.05, 0.25)(0.00, 0.07, 0.26)(0.02, -0.09, 0.26)(0.02, -0.03, 0.27)(0.02, 0.01, 0.26)(0.02, 0.04, 0.26)(0.02, 0.06, 0.26)(0.03, -0.10, 0.27)(0.04, -0.04, 0.28)(0.05, -0.01, 0.27)(0.06, 0.01, 0.27)(0.06, 0.03, 0.28)
(0.00, -0.13, 0.25)(-0.01, -0.08, 0.26)(-0.03, -0.12, 0.25)(-0.07, -0.11, 0.25)(-0.10, -0.09, 0.25)(-0.11, -0.08, 0.26)(-0.02, -0.12, 0.25)(-0.05, -0.06, 0.25)(-0.07, -0.02, 0.24)(-0.09, 0.00, 0.24)(-0.09, 0.01, 0.25)(-0.01, -0.11, 0.26)(-0.03, -0.05, 0.26)(-0.05, 0.00, 0.25)(-0.06, 0.02, 0.24)(-0.06, 0.04, 0.24)(0.00, -0.11, 0.26)(-0.01, -0.05, 0.27)(-0.02, -0.01, 0.26)(-0.03, 0.02, 0.26)(-0.03, 0.03, 0.26)(0.01, -0.11, 0.26)(0.01, -0.05, 0.27)(0.01, -0.02, 0.26)(0.01, 0.00, 0.26)(0.01, 0.01, 0.27)
(0.00, -0.13, 0.24)(-0.03, -0.09, 0.25)(-0.03, -0.13, 0.25)(-0.08, -0.12, 0.24)(-0.11, -0.11, 0.25)(-0.13, -0.10, 0.25)(-0.02, -0.12, 0.25)(-0.07, -0.07, 0.25)(-0.10, -0.04, 0.24)(-0.12, -0.02, 0.24)(-0.13, -0.01, 0.25)(-0.02, -0.12, 0.25)(-0.05, -0.06, 0.25)(-0.08, -0.02, 0.24)(-0.09, 0.01, 0.24)(-0.10, 0.02, 0.24)(-0.01, -0.11, 0.25)(-0.04, -0.05, 0.26)(-0.05, -0.01, 0.25)(-0.07, 0.01, 0.25)(-0.07, 0.02, 0.25)(0.00, -0.11, 0.26)(-0.02, -0.05, 0.27)(-0.02, -0.02, 0.26)(-0.03, 0.00, 0.26)(-0.03, 0.01, 0.26)
(0.00, -0.12, 0.24)(-0.01, -0.07, 0.26)(-0.03, -0.11, 0.24)(-0.07, -0.08, 0.24)(-0.09, -0.06, 0.25)(-0.10, -0.05, 0.25)(-0.02, -0.10, 0.25)(-0.04, -0.04, 0.25)(-0.06, 0.00, 0.25)(-0.07, 0.02, 0.25)(-0.08, 0.03, 0.26)(-0.01, -0.10, 0.25)(-0.02, -0.04, 0.26)(-0.03, 0.01, 0.26)(-0.03, 0.04, 0.26)(-0.04, 0.06, 0.26)(0.00, -0.10, 0.25)(0.00, -0.04, 0.27)(0.00, 0.01, 0.26)(-0.01, 0.03, 0.27)(-0.01, 0.05, 0.27)(0.01, -0.10, 0.26)(0.01, -0.05, 0.28)(0.02, -0.01, 0.27)(0.02, 0.01, 0.27)(0.02, 0.02, 0.28)
(0.01, -0.11, 0.25)(0.03, -0.07, 0.27)(0.00, -0.09, 0.25)(-0.03, -0.05, 0.25)(-0.04, -0.02, 0.26)(-0.04, 0.00, 0.26)(0.01, -0.09, 0.25)(0.01, -0.03, 0.27)(0.02, 0.02, 0.28)(0.02, 0.04, 0.28)(0.02, 0.05, 0.29)(0.01, -0.09, 0.26)(0.03, -0.03, 0.28)(0.05, 0.01, 0.29)(0.06, 0.04, 0.29)(0.06, 0.05, 0.30)(0.02, -0.10, 0.26)(0.05, -0.04, 0.29)(0.07, -0.01, 0.29)(0.08, 0.02, 0.30)(0.08, 0.03, 0.31)(0.03, -0.11, 0.27)(0.06, -0.06, 0.30)(0.08, -0.04, 0.30)(0.09, -0.02, 0.30)(0.10, -0.01, 0.31)
(0.03, -0.11, 0.25)(0.05, -0.08, 0.28)(0.02, -0.08, 0.26)(0.00, -0.04, 0.27)(0.00, -0.01, 0.28)(0.00, 0.01, 0.29)(0.02, -0.09, 0.26)(0.04, -0.04, 0.29)(0.07, 0.00, 0.31)(0.07, 0.02, 0.32)(0.08, 0.03, 0.33)(0.03, -0.10, 0.26)(0.06, -0.05, 0.30)(0.09, -0.01, 0.32)(0.10, 0.01, 0.33)(0.11, 0.02, 0.34)(0.04, -0.10, 0.27)(0.07, -0.06, 0.31)(0.10, -0.03, 0.32)(0.11, -0.02, 0.33)(0.12, -0.01, 0.34)(0.04, -0.11, 0.27)(0.08, -0.09, 0.31)(0.10, -0.07, 0.32)(0.12, -0.06, 0.33)(0.13, -0.05, 0.34)
(0.03, -0.11, 0.25)(0.04, -0.08, 0.28)(0.01, -0.09, 0.26)(-0.01, -0.05, 0.26)(-0.02, -0.02, 0.27)(-0.03, -0.01, 0.28)(0.02, -0.10, 0.26)(0.03, -0.03, 0.28)(0.04, 0.01, 0.29)(0.04, 0.03, 0.30)(0.05, 0.05, 0.31)(0.03, -0.10, 0.26)(0.05, -0.04, 0.29)(0.07, 0.01, 0.30)(0.08, 0.03, 0.31)(0.08, 0.04, 0.32)(0.04, -0.11, 0.27)(0.06, -0.05, 0.30)(0.08, -0.01, 0.30)(0.09, 0.01, 0.31)(0.10, 0.02, 0.32)(0.04, -0.11, 0.27)(0.07, -0.07, 0.30)(0.09, -0.04, 0.31)(0.10, -0.03, 0.31)(0.11, -0.02, 0.32)
(0.01, -0.12, 0.25)(0.01, -0.07, 0.26)(-0.01, -0.11, 0.25)(-0.05, -0.08, 0.25)(-0.07, -0.06, 0.25)(-0.09, -0.05, 0.25)(0.00, -0.11, 0.26)(-0.03, -0.05, 0.26)(-0.04, 0.00, 0.25)(-0.04, 0.02, 0.25)(-0.05, 0.04, 0.26)(0.00, -0.11, 0.26)(0.00, -0.04, 0.26)(-0.01, 0.01, 0.26)(-0.01, 0.04, 0.26)(-0.01, 0.05, 0.26)(0.02, -0.11, 0.26)(0.01, -0.04, 0.27)(0.01, 0.00, 0.27)(0.01, 0.03, 0.27)(0.01, 0.04, 0.27)(0.02, -0.11, 0.27)(0.03, -0.05, 0.28)(0.04, -0.02, 0.27)(0.04, 0.00, 0.28)(0.04, 0.01, 0.28)
(-0.01, -0.13, 0.24)(-0.03, -0.09, 0.25)(-0.04, -0.13, 0.24)(-0.08, -0.12, 0.24)(-0.11, -0.10, 0.24)(-0.13, -0.09, 0.24)(-0.03, -0.12, 0.24)(-0.07, -0.07, 0.24)(-0.10, -0.04, 0.24)(-0.12, -0.02, 0.24)(-0.13, -0.01, 0.25)(-0.02, -0.12, 0.25)(-0.05, -0.06, 0.25)(-0.08, -0.01, 0.24)(-0.09, 0.01, 0.24)(-0.10, 0.02, 0.24)(-0.01, -0.11, 0.25)(-0.04, -0.05, 0.26)(-0.06, -0.01, 0.25)(-0.07, 0.01, 0.25)(-0.07, 0.02, 0.25)(0.00, -0.11, 0.26)(-0.02, -0.05, 0.27)(-0.02, -0.02, 0.26)(-0.03, 0.00, 0.26)(-0.03, 0.01, 0.26)
(-0.01, -0.13, 0.24)(-0.03, -0.09, 0.25)(-0.04, -0.13, 0.24)(-0.08, -0.12, 0.24)(-0.11, -0.10, 0.24)(-0.13, -0.10, 0.24)(-0.03, -0.12, 0.24)(-0.07, -0.08, 0.24)(-0.10, -0.04, 0.24)(-0.12, -0.02, 0.24)(-0.13, -0.01, 0.25)(-0.02, -0.12, 0.25)(-0.06, -0.06, 0.25)(-0.08, -0.02, 0.24)(-0.10, 0.01, 0.24)(-0.10, 0.02, 0.24)(-0.01, -0.11, 0.25)(-0.04, -0.06, 0.26)(-0.06, -0.02, 0.25)(-0.07, 0.01, 0.25)(-0.08, 0.02, 0.25)(-0.01, -0.11, 0.26)(-0.02, -0.06, 0.27)(-0.03, -0.02, 0.26)(-0.03, -0.01, 0.26)(-0.04, 0.01, 0.26)
(0.00, -0.13, 0.25)(-0.01, -0.08, 0.26)(-0.03, -0.11, 0.25)(-0.07, -0.09, 0.24)(-0.09, -0.07, 0.25)(-0.10, -0.05, 0.25)(-0.02, -0.11, 0.25)(-0.04, -0.05, 0.25)(-0.06, -0.01, 0.25)(-0.07, 0.01, 0.26)(-0.08, 0.03, 0.27)(-0.01, -0.11, 0.25)(-0.02, -0.05, 0.26)(-0.03, 0.01, 0.26)(-0.04, 0.03, 0.26)(-0.04, 0.05, 0.27)(0.00, -0.11, 0.26)(0.00, -0.04, 0.27)(-0.01, 0.00, 0.27)(-0.01, 0.02, 0.27)(-0.01, 0.04, 0.28)(0.01, -0.11, 0.26)(0.01, -0.05, 0.28)(0.02, -0.02, 0.28)(0.02, 0.00, 0.28)(0.02, 0.01, 0.29)
(0.02, -0.12, 0.26)(0.04, -0.07, 0.28)(0.00, -0.09, 0.26)(-0.02, -0.06, 0.26)(-0.03, -0.03, 0.27)(-0.04, -0.01, 0.28)(0.02, -0.10, 0.27)(0.02, -0.03, 0.28)(0.02, 0.01, 0.29)(0.02, 0.03, 0.30)(0.02, 0.05, 0.31)(0.02, -0.10, 0.27)(0.04, -0.04, 0.29)(0.05, 0.01, 0.30)(0.06, 0.04, 0.31)(0.06, 0.05, 0.31)(0.03, -0.11, 0.27)(0.05, -0.05, 0.30)(0.07, -0.01, 0.30)(0.07, 0.01, 0.31)(0.08, 0.03, 0.32)(0.04, -0.11, 0.28)(0.06, -0.06, 0.31)(0.08, -0.04, 0.31)(0.09, -0.02, 0.32)(0.10, -0.01, 0.32)
(0.03, -0.11, 0.26)(0.05, -0.08, 0.29)(0.02, -0.09, 0.27)(0.01, -0.05, 0.28)(0.00, -0.02, 0.29)(0.00, 0.00, 0.30)(0.03, -0.10, 0.27)(0.05, -0.04, 0.30)(0.06, 0.00, 0.31)(0.07, 0.02, 0.33)(0.08, 0.03, 0.34)(0.03, -0.10, 0.27)(0.06, -0.05, 0.30)(0.09, -0.01, 0.33)(0.10, 0.01, 0.34)(0.11, 0.02, 0.35)(0.04, -0.11, 0.28)(0.07, -0.07, 0.31)(0.10, -0.04, 0.33)(0.11, -0.02, 0.34)(0.12, -0.01, 0.35)(0.04, -0.12, 0.28)(0.08, -0.09, 0.32)(0.10, -0.07, 0.33)(0.12, -0.06, 0.34)(0.12, -0.05, 0.35)
(0.04, -0.11, 0.26)(0.06, -0.08, 0.29)(0.02, -0.09, 0.27)(0.01, -0.05, 0.28)(0.01, -0.02, 0.29)(0.01, 0.00, 0.30)(0.03, -0.10, 0.27)(0.05, -0.04, 0.30)(0.07, 0.00, 0.31)(0.08, 0.02, 0.33)(0.09, 0.03, 0.34)(0.04, -0.10, 0.27)(0.07, -0.05, 0.31)(0.10, -0.02, 0.33)(0.11, 0.00, 0.34)(0.12, 0.01, 0.35)(0.05, -0.11, 0.28)(0.08, -0.07, 0.31)(0.11, -0.04, 0.33)(0.12, -0.02, 0.34)(0.13, -0.01, 0.35)(0.05, -0.12, 0.28)(0.08, -0.09, 0.32)(0.11, -0.07, 0.33)(0.12, -0.06, 0.34)(0.13, -0.06, 0.35)
(0.03, -0.12, 0.26)(0.03, -0.07, 0.28)(0.01, -0.10, 0.26)(-0.03, -0.07, 0.26)(-0.04, -0.04, 0.27)(-0.05, -0.03, 0.27)(0.02, -0.10, 0.27)(0.01, -0.04, 0.28)(0.00, 0.01, 0.28)(0.00, 0.03, 0.28)(0.00, 0.04, 0.29)(0.03, -0.10, 0.27)(0.03, -0.04, 0.28)(0.03, 0.01, 0.29)(0.04, 0.04, 0.29)(0.03, 0.05, 0.30)(0.04, -0.11, 0.27)(0.05, -0.04, 0.29)(0.05, 0.00, 0.29)(0.06, 0.02, 0.30)(0.06, 0.04, 0.30)(0.04, -0.11, 0.28)(0.06, -0.06, 0.30)(0.07, -0.03, 0.30)(0.08, -0.01, 0.30)(0.08, 0.00, 0.31)
(0.01, -0.12, 0.25)(0.00, -0.08, 0.27)(-0.02, -0.11, 0.26)(-0.06, -0.09, 0.26)(-0.08, -0.07, 0.26)(-0.09, -0.06, 0.27)(-0.01, -0.11, 0.26)(-0.04, -0.05, 0.26)(-0.06, -0.01, 0.26)(-0.07, 0.01, 0.27)(-0.07, 0.02, 0.27)(0.00, -0.11, 0.26)(-0.02, -0.05, 0.27)(-0.03, 0.00, 0.27)(-0.04, 0.03, 0.27)(-0.04, 0.05, 0.27)(0.01, -0.11, 0.27)(0.00, -0.04, 0.28)(0.00, 0.00, 0.27)(-0.01, 0.02, 0.28)(-0.01, 0.04, 0.28)(0.02, -0.11, 0.27)(0.02, -0.05, 0.29)(0.02, -0.02, 0.28)(0.03, 0.00, 0.28)(0.03, 0.01, 0.29)
(0.00, -0.13, 0.25)(-0.02, -0.09, 0.27)(-0.02, -0.12, 0.25)(-0.07, -0.11, 0.25)(-0.10, -0.10, 0.26)(-0.11, -0.09, 0.26)(-0.02, -0.12, 0.26)(-0.06, -0.07, 0.26)(-0.08, -0.03, 0.26)(-0.10, -0.01, 0.27)(-0.11, 0.00, 0.27)(-0.01, -0.12, 0.26)(-0.04, -0.06, 0.27)(-0.06, -0.01, 0.27)(-0.07, 0.01, 0.27)(-0.08, 0.03, 0.27)(0.00, -0.11, 0.26)(-0.02, -0.05, 0.28)(-0.04, -0.01, 0.27)(-0.04, 0.01, 0.28)(-0.05, 0.03, 0.28)(0.01, -0.11, 0.27)(0.00, -0.06, 0.29)(0.00, -0.02, 0.28)(-0.01, 0.00, 0.28)(-0.01, 0.01, 0.29)
(0.00, -0.13, 0.25)(-0.01, -0.08, 0.27)(-0.02, -0.12, 0.25)(-0.06, -0.10, 0.25)(-0.09, -0.08, 0.26)(-0.10, -0.07, 0.26)(-0.01, -0.11, 0.26)(-0.04, -0.06, 0.26)(-0.07, -0.02, 0.26)(-0.08, 0.00, 0.27)(-0.09, 0.01, 0.27)(0.00, -0.11, 0.26)(-0.02, -0.05, 0.27)(-0.04, 0.00, 0.27)(-0.05, 0.03, 0.27)(-0.05, 0.04, 0.28)(0.01, -0.11, 0.26)(-0.01, -0.05, 0.28)(-0.01, -0.01, 0.28)(-0.02, 0.02, 0.28)(-0.02, 0.03, 0.29)(0.01, -0.11, 0.27)(0.01, -0.06, 0.29)(0.01, -0.02, 0.28)(0.02, 0.00, 0.29)(0.01, 0.01, 0.29)
(0.01, -0.12, 0.26)(0.02, -0.08, 0.27)(-0.01, -0.10, 0.26)(-0.04, -0.07, 0.26)(-0.05, -0.04, 0.26)(-0.06, -0.03, 0.27)(0.00, -0.10, 0.26)(0.00, -0.04, 0.27)(-0.01, 0.01, 0.27)(-0.01, 0.03, 0.28)(-0.02, 0.04, 0.29)(0.01, -0.11, 0.26)(0.02, -0.04, 0.28)(0.02, 0.01, 0.29)(0.02, 0.04, 0.29)(0.02, 0.05, 0.30)(0.02, -0.11, 0.27)(0.03, -0.05, 0.29)(0.04, 0.00, 0.29)(0.04, 0.02, 0.30)(0.05, 0.04, 0.31)(0.03, -0.11, 0.28)(0.05, -0.06, 0.30)(0.06, -0.03, 0.30)(0.07, -0.01, 0.31)(0.07, 0.00, 0.31)
(0.03, -0.12, 0.26)(0.05, -0.09, 0.29)(0.01, -0.09, 0.27)(0.00, -0.05, 0.27)(0.00, -0.02, 0.28)(-0.01, 0.00, 0.29)(0.02, -0.10, 0.27)(0.04, -0.04, 0.29)(0.05, 0.00, 0.31)(0.06, 0.02, 0.32)(0.06, 0.03, 0.33)(0.03, -0.11, 0.27)(0.06, -0.05, 0.30)(0.08, -0.01, 0.32)(0.09, 0.01, 0.33)(0.10, 0.02, 0.34)(0.04, -0.11, 0.28)(0.07, -0.07, 0.31)(0.09, -0.03, 0.33)(0.10, -0.02, 0.34)(0.11, 0.00, 0.35)(0.04, -0.12, 0.28)(0.07, -0.09, 0.32)(0.10, -0.07, 0.33)(0.11, -0.06, 0.34)(0.12, -0.05, 0.35)
(0.04, -0.12, 0.26)(0.06, -0.09, 0.29)(0.02, -0.10, 0.27)(0.01, -0.05, 0.28)(0.01, -0.02, 0.29)(0.01, -0.01, 0.30)(0.03, -0.10, 0.27)(0.05, -0.05, 0.30)(0.07, -0.01, 0.32)(0.08, 0.01, 0.33)(0.09, 0.02, 0.34)(0.04, -0.11, 0.28)(0.07, -0.06, 0.31)(0.10, -0.02, 0.33)(0.11, 0.00, 0.34)(0.12, 0.01, 0.35)(0.05, -0.12, 0.28)(0.08, -0.08, 0.32)(0.11, -0.05, 0.33)(0.12, -0.03, 0.34)(0.13, -0.02, 0.35)(0.05, -0.13, 0.28)(0.08, -0.10, 0.32)(0.11, -0.08, 0.33)(0.12, -0.07, 0.34)(0.13, -0.06, 0.35)
(0.03, -0.12, 0.26)(0.05, -0.08, 0.29)(0.01, -0.10, 0.27)(-0.01, -0.06, 0.27)(-0.02, -0.03, 0.28)(-0.03, -0.01, 0.28)(0.03, -0.10, 0.27)(0.03, -0.04, 0.29)(0.04, 0.01, 0.29)(0.04, 0.03, 0.30)(0.05, 0.04, 0.31)(0.03, -0.10, 0.27)(0.05, -0.04, 0.29)(0.07, 0.01, 0.30)(0.08, 0.03, 0.31)(0.08, 0.04, 0.32)(0.04, -0.11, 0.28)(0.07, -0.05, 0.30)(0.08, -0.01, 0.31)(0.09, 0.01, 0.31)(0.10, 0.02, 0.32)(0.05, -0.11, 0.28)(0.08, -0.07, 0.31)(0.10, -0.04, 0.31)(0.11, -0.03, 0.32)(0.11, -0.02, 0.33)
(0.02, -0.11, 0.26)(0.02, -0.07, 0.27)(-0.01, -0.10, 0.26)(-0.04, -0.07, 0.25)(-0.06, -0.04, 0.26)(-0.07, -0.03, 0.26)(0.00, -0.10, 0.26)(-0.01, -0.03, 0.26)(-0.02, 0.01, 0.26)(-0.03, 0.03, 0.27)(-0.03, 0.05, 0.27)(0.01, -0.10, 0.26)(0.01, -0.03, 0.27)(0.00, 0.02, 0.27)(0.00, 0.05, 0.28)(0.00, 0.06, 0.28)(0.02, -0.10, 0.27)(0.02, -0.03, 0.28)(0.03, 0.01, 0.28)(0.02, 0.03, 0.29)(0.02, 0.05, 0.29)(0.03, -0.10, 0.27)(0.04, -0.04, 0.29)(0.05, -0.01, 0.29)(0.06, 0.01, 0.29)(0.06, 0.02, 0.30)
(0.00, -0.12, 0.25)(-0.01, -0.07, 0.26)(-0.03, -0.11, 0.25)(-0.07, -0.09, 0.25)(-0.09, -0.07, 0.25)(-0.11, -0.06, 0.25)(-0.02, -0.10, 0.25)(-0.05, -0.05, 0.25)(-0.07, -0.01, 0.25)(-0.08, 0.01, 0.26)(-0.09, 0.03, 0.26)(-0.01, -0.10, 0.25)(-0.03, -0.04, 0.26)(-0.05, 0.01, 0.26)(-0.05, 0.04, 0.26)(-0.06, 0.05, 0.26)(0.00, -0.10, 0.26)(-0.01, -0.04, 0.27)(-0.02, 0.01, 0.27)(-0.03, 0.03, 0.27)(-0.03, 0.04, 0.28)(0.01, -0.10, 0.26)(0.01, -0.04, 0.28)(0.01, -0.01, 0.27)(0.01, 0.01, 0.28)(0.01, 0.02, 0.28)
(0.00, -0.12, 0.25)(-0.02, -0.08, 0.26)(-0.03, -0.12, 0.25)(-0.07, -0.10, 0.25)(-0.10, -0.08, 0.25)(-0.12, -0.07, 0.25)(-0.02, -0.11, 0.25)(-0.06, -0.06, 0.25)(-0.08, -0.02, 0.25)(-0.10, 0.00, 0.25)(-0.10, 0.02, 0.26)(-0.01, -0.11, 0.25)(-0.04, -0.05, 0.26)(-0.06, 0.00, 0.26)(-0.07, 0.03, 0.26)(-0.07, 0.04, 0.26)(0.00, -0.10, 0.26)(-0.02, -0.04, 0.27)(-0.03, 0.00, 0.27)(-0.04, 0.02, 0.27)(-0.05, 0.04, 0.27)(0.00, -0.10, 0.26)(0.00, -0.05, 0.28)(0.00, -0.01, 0.27)(-0.01, 0.00, 0.28)(-0.01, 0.02, 0.28)
(0.00, -0.11, 0.25)(0.00, -0.07, 0.26)(-0.02, -0.10, 0.25)(-0.06, -0.07, 0.24)(-0.08, -0.05, 0.25)(-0.09, -0.03, 0.25)(-0.01, -0.10, 0.25)(-0.03, -0.04, 0.25)(-0.05, 0.01, 0.25)(-0.05, 0.03, 0.26)(-0.06, 0.04, 0.27)(-0.01, -0.10, 0.26)(-0.01, -0.03, 0.26)(-0.02, 0.02, 0.27)(-0.02, 0.04, 0.27)(-0.03, 0.06, 0.27)(0.00, -0.10, 0.26)(0.00, -0.04, 0.27)(0.00, 0.01, 0.28)(0.00, 0.03, 0.28)(0.00, 0.05, 0.29)(0.01, -0.10, 0.27)(0.02, -0.04, 0.29)(0.03, -0.01, 0.28)(0.03, 0.01, 0.29)(0.03, 0.02, 0.30)
(0.02, -0.11, 0.26)(0.04, -0.06, 0.28)(0.01, -0.08, 0.26)(-0.02, -0.05, 0.26)(-0.03, -0.02, 0.27)(-0.04, 0.00, 0.27)(0.02, -0.09, 0.26)(0.02, -0.02, 0.27)(0.02, 0.02, 0.28)(0.02, 0.04, 0.29)(0.02, 0.06, 0.30)(0.02, -0.09, 0.27)(0.04, -0.03, 0.28)(0.05, 0.02, 0.30)(0.06, 0.04, 0.30)(0.06, 0.06, 0.31)(0.03, -0.10, 0.27)(0.05, -0.04, 0.29)(0.07, 0.00, 0.30)(0.07, 0.02, 0.31)(0.08, 0.04, 0.32)(0.04, -0.10, 0.28)(0.06, -0.05, 0.30)(0.08, -0.03, 0.31)(0.09, -0.01, 0.32)(0.10, 0.00, 0.32)
(0.04, -0.11, 0.26)(0.06, -0.08, 0.29)(0.02, -0.09, 0.27)(0.01, -0.04, 0.27)(0.01, -0.01, 0.29)(0.00, 0.00, 0.29)(0.03, -0.09, 0.27)(0.05, -0.03, 0.29)(0.06, 0.01, 0.31)(0.07, 0.03, 0.32)(0.07, 0.04, 0.33)(0.04, -0.10, 0.27)(0.07, -0.04, 0.30)(0.09, 0.00, 0.32)(0.10, 0.02, 0.34)(0.10, 0.03, 0.34)(0.05, -0.10, 0.28)(0.08, -0.06, 0.31)(0.10, -0.02, 0.33)(0.11, -0.01, 0.34)(0.12, 0.01, 0.35)(0.05, -0.11, 0.28)(0.08, -0.08, 0.32)(0.11, -0.06, 0.33)(0.12, -0.05, 0.34)(0.13, -0.04, 0.35)
(0.04, -0.11, 0.26)(0.06, -0.08, 0.29)(0.03, -0.09, 0.27)(0.01, -0.04, 0.28)(0.01, -0.02, 0.29)(0.01, 0.00, 0.30)(0.04, -0.09, 0.27)(0.05, -0.04, 0.30)(0.07, 0.00, 0.31)(0.08, 0.02, 0.33)(0.09, 0.03, 0.34)(0.04, -0.10, 0.27)(0.07, -0.05, 0.31)(0.10, -0.01, 0.33)(0.11, 0.01, 0.34)(0.12, 0.02, 0.35)(0.05, -0.11, 0.28)(0.08, -0.06, 0.31)(0.11, -0.03, 0.33)(0.12, -0.02, 0.34)(0.13, 0.00, 0.35)(0.05, -0.12, 0.28)(0.09, -0.09, 0.32)(0.11, -0.06, 0.33)(0.13, -0.05, 0.34)(0.13, -0.05, 0.35)
(0.04, -0.11, 0.26)(0.05, -0.07, 0.28)(0.02, -0.09, 0.26)(-0.01, -0.05, 0.27)(-0.02, -0.02, 0.28)(-0.03, -0.01, 0.28)(0.03, -0.09, 0.27)(0.03, -0.03, 0.28)(0.04, 0.02, 0.28)(0.04, 0.04, 0.29)(0.04, 0.05, 0.30)(0.04, -0.10, 0.27)(0.05, -0.03, 0.29)(0.07, 0.01, 0.30)(0.07, 0.04, 0.30)(0.07, 0.05, 0.31)(0.05, -0.10, 0.27)(0.07, -0.04, 0.30)(0.08, 0.00, 0.30)(0.09, 0.02, 0.31)(0.09, 0.04, 0.31)(0.05, -0.11, 0.28)(0.08, -0.06, 0.31)(0.10, -0.03, 0.30)(0.11, -0.02, 0.31)(0.11, 0.00, 0.32)
(0.01, -0.11, 0.26)(0.01, -0.06, 0.27)(-0.01, -0.10, 0.26)(-0.05, -0.07, 0.26)(-0.07, -0.05, 0.26)(-0.08, -0.03, 0.26)(0.00, -0.09, 0.26)(-0.03, -0.03, 0.26)(-0.04, 0.01, 0.26)(-0.05, 0.03, 0.27)(-0.05, 0.05, 0.27)(0.01, -0.09, 0.26)(0.00, -0.03, 0.27)(-0.01, 0.02, 0.27)(-0.02, 0.05, 0.27)(-0.02, 0.06, 0.27)(0.02, -0.09, 0.27)(0.01, -0.03, 0.28)(0.01, 0.01, 0.28)(0.01, 0.04, 0.28)(0.01, 0.05, 0.28)(0.02, -0.10, 0.27)(0.03, -0.04, 0.29)(0.04, -0.01, 0.28)(0.04, 0.01, 0.29)(0.04, 0.03, 0.29)
(0.00, -0.12, 0.25)(-0.02, -0.07, 0.27)(-0.03, -0.11, 0.26)(-0.07, -0.10, 0.26)(-0.10, -0.08, 0.26)(-0.11, -0.07, 0.27)(-0.02, -0.11, 0.26)(-0.06, -0.05, 0.26)(-0.08, -0.01, 0.26)(-0.09, 0.01, 0.27)(-0.10, 0.02, 0.27)(-0.01, -0.11, 0.26)(-0.04, -0.04, 0.26)(-0.06, 0.00, 0.27)(-0.06, 0.03, 0.27)(-0.07, 0.04, 0.27)(0.00, -0.10, 0.26)(-0.02, -0.04, 0.27)(-0.03, 0.00, 0.27)(-0.04, 0.02, 0.28)(-0.04, 0.04, 0.28)(0.01, -0.10, 0.27)(0.00, -0.05, 0.28)(0.00, -0.01, 0.28)(0.00, 0.01, 0.28)(-0.01, 0.02, 0.29)
(0.00, -0.12, 0.25)(-0.01, -0.07, 0.27)(-0.03, -0.11, 0.26)(-0.06, -0.08, 0.26)(-0.08, -0.05, 0.27)(-0.10, -0.04, 0.27)(-0.02, -0.10, 0.26)(-0.04, -0.04, 0.27)(-0.05, 0.00, 0.27)(-0.06, 0.02, 0.28)(-0.07, 0.03, 0.29)(-0.01, -0.10, 0.26)(-0.02, -0.04, 0.27)(-0.02, 0.01, 0.28)(-0.03, 0.04, 0.29)(-0.03, 0.05, 0.29)(0.00, -0.10, 0.27)(0.00, -0.04, 0.28)(0.00, 0.00, 0.29)(0.00, 0.03, 0.29)(0.00, 0.04, 0.30)(0.01, -0.11, 0.27)(0.02, -0.05, 0.29)(0.02, -0.02, 0.29)(0.03, 0.00, 0.30)(0.03, 0.01, 0.31)
(0.01, -0.11, 0.26)(0.01, -0.07, 0.28)(-0.01, -0.10, 0.26)(-0.04, -0.06, 0.26)(-0.06, -0.03, 0.27)(-0.07, -0.02, 0.27)(0.00, -0.10, 0.26)(-0.01, -0.03, 0.27)(-0.01, 0.01, 0.28)(-0.02, 0.04, 0.29)(-0.02, 0.05, 0.29)(0.00, -0.10, 0.27)(0.01, -0.03, 0.28)(0.02, 0.02, 0.29)(0.02, 0.04, 0.30)(0.02, 0.06, 0.30)(0.01, -0.10, 0.27)(0.03, -0.04, 0.29)(0.04, 0.00, 0.30)(0.04, 0.03, 0.30)(0.04, 0.04, 0.31)(0.02, -0.10, 0.28)(0.04, -0.05, 0.30)(0.05, -0.02, 0.30)(0.06, -0.01, 0.31)(0.06, 0.00, 0.32)
(0.03, -0.11, 0.26)(0.04, -0.08, 0.29)(0.01, -0.09, 0.27)(-0.01, -0.05, 0.27)(-0.01, -0.02, 0.29)(-0.02, 0.00, 0.29)(0.02, -0.09, 0.27)(0.03, -0.03, 0.29)(0.05, 0.01, 0.30)(0.05, 0.03, 0.32)(0.05, 0.04, 0.33)(0.03, -0.10, 0.27)(0.05, -0.04, 0.30)(0.07, 0.00, 0.32)(0.08, 0.02, 0.33)(0.09, 0.04, 0.34)(0.04, -0.10, 0.28)(0.06, -0.06, 0.31)(0.09, -0.02, 0.32)(0.09, 0.00, 0.34)(0.10, 0.01, 0.34)(0.04, -0.11, 0.28)(0.07, -0.07, 0.32)(0.09, -0.05, 0.33)(0.10, -0.04, 0.33)(0.11, -0.03, 0.34)
(0.04, -0.12, 0.26)(0.06, -0.09, 0.30)(0.02, -0.09, 0.27)(0.01, -0.05, 0.28)(0.01, -0.02, 0.30)(0.01, -0.01, 0.31)(0.03, -0.10, 0.27)(0.05, -0.05, 0.30)(0.07, -0.01, 0.32)(0.08, 0.01, 0.34)(0.08, 0.02, 0.35)(0.04, -0.11, 0.28)(0.07, -0.06, 0.31)(0.09, -0.02, 0.33)(0.11, 0.00, 0.35)(0.11, 0.01, 0.36)(0.05, -0.12, 0.28)(0.08, -0.07, 0.32)(0.11, -0.04, 0.34)(0.12, -0.03, 0.35)(0.13, -0.02, 0.36)(0.05, -0.12, 0.28)(0.08, -0.09, 0.33)(0.11, -0.08, 0.34)(0.12, -0.07, 0.35)(0.13, -0.06, 0.36)
(0.03, -0.11, 0.26)(0.05, -0.08, 0.29)(0.01, -0.09, 0.27)(0.00, -0.05, 0.27)(-0.01, -0.02, 0.29)(-0.02, -0.01, 0.30)(0.03, -0.10, 0.27)(0.04, -0.03, 0.29)(0.05, 0.01, 0.30)(0.06, 0.03, 0.31)(0.06, 0.04, 0.32)(0.03, -0.10, 0.27)(0.06, -0.04, 0.30)(0.08, 0.00, 0.31)(0.09, 0.02, 0.32)(0.09, 0.04, 0.33)(0.04, -0.11, 0.28)(0.07, -0.06, 0.31)(0.09, -0.02, 0.32)(0.10, 0.00, 0.33)(0.11, 0.02, 0.33)(0.05, -0.11, 0.28)(0.08, -0.07, 0.31)(0.10, -0.05, 0.32)(0.11, -0.04, 0.33)(0.12, -0.03, 0.34)
(0.01, -0.10, 0.25)(0.01, -0.06, 0.27)(-0.02, -0.09, 0.26)(-0.05, -0.06, 0.25)(-0.06, -0.03, 0.26)(-0.07, -0.01, 0.27)(-0.01, -0.09, 0.26)(-0.02, -0.02, 0.26)(-0.02, 0.02, 0.27)(-0.02, 0.05, 0.27)(-0.02, 0.06, 0.28)(0.00, -0.09, 0.26)(0.01, -0.02, 0.27)(0.01, 0.03, 0.28)(0.01, 0.05, 0.28)(0.01, 0.07, 0.28)(0.01, -0.09, 0.27)(0.02, -0.03, 0.28)(0.03, 0.02, 0.28)(0.03, 0.04, 0.29)(0.03, 0.06, 0.29)(0.02, -0.09, 0.27)(0.04, -0.04, 0.29)(0.05, -0.01, 0.29)(0.06, 0.01, 0.29)(0.06, 0.02, 0.30)
(-0.01, -0.11, 0.25)(-0.02, -0.07, 0.26)(-0.04, -0.10, 0.25)(-0.08, -0.08, 0.25)(-0.10, -0.06, 0.26)(-0.12, -0.05, 0.27)(-0.03, -0.10, 0.25)(-0.06, -0.04, 0.26)(-0.08, 0.00, 0.26)(-0.09, 0.02, 0.27)(-0.09, 0.03, 0.27)(-0.02, -0.10, 0.26)(-0.04, -0.04, 0.26)(-0.05, 0.01, 0.27)(-0.06, 0.04, 0.27)(-0.06, 0.06, 0.28)(-0.01, -0.10, 0.26)(-0.02, -0.03, 0.27)(-0.03, 0.01, 0.28)(-0.03, 0.03, 0.28)(-0.04, 0.05, 0.29)(0.00, -0.10, 0.27)(0.00, -0.04, 0.29)(0.00, -0.01, 0.28)(0.00, 0.01, 0.29)(0.00, 0.02, 0.29)
(-0.02, -0.12, 0.25)(-0.03, -0.08, 0.27)(-0.04, -0.11, 0.26)(-0.09, -0.10, 0.26)(-0.11, -0.08, 0.27)(-0.13, -0.07, 0.27)(-0.03, -0.11, 0.26)(-0.07, -0.06, 0.26)(-0.09, -0.02, 0.26)(-0.11, 0.00, 0.27)(-0.11, 0.02, 0.28)(-0.03, -0.11, 0.26)(-0.05, -0.05, 0.27)(-0.07, 0.00, 0.27)(-0.08, 0.03, 0.28)(-0.09, 0.04, 0.28)(-0.02, -0.10, 0.26)(-0.03, -0.04, 0.28)(-0.05, 0.00, 0.28)(-0.05, 0.02, 0.28)(-0.06, 0.04, 0.28)(-0.01, -0.10, 0.27)(-0.01, -0.05, 0.29)(-0.02, -0.01, 0.28)(-0.02, 0.00, 0.29)(-0.02, 0.02, 0.29)
(0.00, -0.11, 0.25)(0.00, -0.06, 0.27)(-0.03, -0.09, 0.25)(-0.06, -0.06, 0.25)(-0.07, -0.03, 0.26)(-0.09, -0.02, 0.27)(-0.01, -0.09, 0.26)(-0.03, -0.02, 0.26)(-0.03, 0.02, 0.27)(-0.04, 0.04, 0.27)(-0.04, 0.06, 0.28)(-0.01, -0.09, 0.26)(-0.01, -0.02, 0.27)(-0.01, 0.03, 0.28)(-0.01, 0.05, 0.28)(-0.01, 0.07, 0.29)(0.00, -0.09, 0.26)(0.01, -0.03, 0.28)(0.02, 0.02, 0.28)(0.02, 0.04, 0.29)(0.02, 0.06, 0.29)(0.01, -0.09, 0.27)(0.02, -0.04, 0.29)(0.04, -0.01, 0.29)(0.04, 0.01, 0.30)(0.04, 0.02, 0.30)
(0.02, -0.10, 0.26)(0.04, -0.06, 0.28)(0.01, -0.08, 0.26)(-0.02, -0.04, 0.26)(-0.02, -0.01, 0.28)(-0.03, 0.01, 0.28)(0.02, -0.08, 0.27)(0.02, -0.02, 0.28)(0.03, 0.03, 0.29)(0.03, 0.05, 0.30)(0.03, 0.06, 0.31)(0.02, -0.08, 0.27)(0.04, -0.02, 0.29)(0.06, 0.02, 0.30)(0.07, 0.05, 0.31)(0.07, 0.06, 0.32)(0.03, -0.09, 0.27)(0.06, -0.03, 0.30)(0.07, 0.00, 0.31)(0.08, 0.02, 0.32)(0.09, 0.04, 0.33)(0.04, -0.10, 0.28)(0.06, -0.05, 0.31)(0.09, -0.03, 0.31)(0.10, -0.01, 0.32)(0.10, 0.00, 0.33)
(0.04, -0.11, 0.26)(0.06, -0.08, 0.29)(0.03, -0.08, 0.27)(0.01, -0.04, 0.28)(0.01, -0.01, 0.29)(0.01, 0.00, 0.30)(0.04, -0.09, 0.27)(0.05, -0.03, 0.30)(0.07, 0.00, 0.32)(0.08, 0.02, 0.33)(0.08, 0.03, 0.35)(0.04, -0.10, 0.28)(0.07, -0.05, 0.31)(0.09, -0.01, 0.33)(0.10, 0.01, 0.35)(0.11, 0.02, 0.36)(0.05, -0.10, 0.28)(0.08, -0.06, 0.32)(0.10, -0.03, 0.34)(0.11, -0.02, 0.35)(0.12, 0.00, 0.36)(0.05, -0.11, 0.28)(0.08, -0.08, 0.33)(0.11, -0.06, 0.34)(0.12, -0.05, 0.35)(0.13, -0.05, 0.36)
(0.04, -0.11, 0.26)(0.06, -0.07, 0.29)(0.03, -0.08, 0.27)(0.01, -0.04, 0.28)(0.01, -0.01, 0.29)(0.00, 0.00, 0.30)(0.04, -0.09, 0.27)(0.05, -0.03, 0.30)(0.07, 0.01, 0.31)(0.07, 0.03, 0.32)(0.08, 0.04, 0.33)(0.04, -0.09, 0.27)(0.07, -0.04, 0.30)(0.09, 0.00, 0.32)(0.10, 0.02, 0.34)(0.11, 0.03, 0.35)(0.05, -0.10, 0.28)(0.08, -0.06, 0.31)(0.11, -0.02, 0.32)(0.12, 0.00, 0.34)(0.12, 0.01, 0.35)(0.05, -0.11, 0.28)(0.09, -0.08, 0.32)(0.11, -0.05, 0.33)(0.12, -0.04, 0.34)(0.13, -0.03, 0.35)
(0.02, -0.10, 0.26)(0.03, -0.05, 0.27)(0.00, -0.08, 0.26)(-0.02, -0.04, 0.26)(-0.04, -0.01, 0.27)(-0.04, 0.00, 0.27)(0.01, -0.08, 0.26)(0.01, -0.02, 0.27)(0.02, 0.03, 0.27)(0.02, 0.05, 0.28)(0.02, 0.07, 0.28)(0.02, -0.08, 0.27)(0.03, -0.02, 0.28)(0.04, 0.03, 0.28)(0.05, 0.06, 0.29)(0.05, 0.07, 0.30)(0.03, -0.09, 0.27)(0.05, -0.03, 0.29)(0.06, 0.02, 0.29)(0.07, 0.04, 0.30)(0.07, 0.05, 0.30)(0.04, -0.09, 0.28)(0.06, -0.04, 0.30)(0.08, -0.01, 0.30)(0.09, 0.00, 0.30)(0.09, 0.02, 0.31)
(-0.01, -0.10, 0.25)(-0.01, -0.05, 0.26)(-0.03, -0.08, 0.25)(-0.07, -0.06, 0.25)(-0.09, -0.03, 0.25)(-0.10, -0.02, 0.26)(-0.02, -0.08, 0.25)(-0.04, -0.02, 0.25)(-0.05, 0.02, 0.25)(-0.06, 0.05, 0.26)(-0.07, 0.06, 0.27)(-0.01, -0.08, 0.25)(-0.02, -0.02, 0.26)(-0.03, 0.03, 0.27)(-0.03, 0.06, 0.27)(-0.03, 0.08, 0.27)(0.00, -0.08, 0.26)(0.00, -0.02, 0.27)(-0.01, 0.02, 0.27)(-0.01, 0.05, 0.28)(-0.01, 0.06, 0.28)(0.00, -0.08, 0.26)(0.01, -0.03, 0.28)(0.02, 0.00, 0.28)(0.02, 0.02, 0.28)(0.02, 0.04, 0.29)
(-0.03, -0.11, 0.25)(-0.04, -0.06, 0.26)(-0.05, -0.10, 0.25)(-0.09, -0.08, 0.25)(-0.12, -0.06, 0.26)(-0.13, -0.05, 0.27)(-0.04, -0.10, 0.25)(-0.07, -0.04, 0.25)(-0.09, 0.00, 0.26)(-0.10, 0.02, 0.26)(-0.11, 0.03, 0.27)(-0.03, -0.10, 0.26)(-0.05, -0.03, 0.26)(-0.07, 0.02, 0.27)(-0.08, 0.04, 0.27)(-0.08, 0.06, 0.28)(-0.02, -0.09, 0.26)(-0.03, -0.03, 0.27)(-0.04, 0.01, 0.27)(-0.05, 0.03, 0.28)(-0.05, 0.05, 0.28)(-0.02, -0.09, 0.26)(-0.02, -0.04, 0.28)(-0.02, 0.00, 0.28)(-0.01, 0.01, 0.28)(-0.02, 0.03, 0.29)
(-0.03, -0.12, 0.25)(-0.04, -0.07, 0.26)(-0.05, -0.11, 0.25)(-0.10, -0.09, 0.25)(-0.12, -0.07, 0.26)(-0.13, -0.06, 0.27)(-0.04, -0.10, 0.25)(-0.08, -0.05, 0.26)(-0.10, -0.01, 0.26)(-0.11, 0.02, 0.27)(-0.12, 0.03, 0.28)(-0.04, -0.10, 0.25)(-0.06, -0.04, 0.26)(-0.07, 0.01, 0.27)(-0.08, 0.03, 0.28)(-0.09, 0.05, 0.28)(-0.02, -0.10, 0.26)(-0.04, -0.04, 0.27)(-0.05, 0.01, 0.28)(-0.05, 0.03, 0.28)(-0.06, 0.04, 0.29)(-0.02, -0.10, 0.26)(-0.02, -0.04, 0.28)(-0.02, -0.01, 0.28)(-0.02, 0.01, 0.29)(-0.02, 0.02, 0.29)
(-0.01, -0.10, 0.25)(-0.01, -0.05, 0.26)(-0.04, -0.09, 0.25)(-0.07, -0.06, 0.25)(-0.09, -0.03, 0.26)(-0.10, -0.02, 0.26)(-0.02, -0.08, 0.25)(-0.04, -0.02, 0.26)(-0.05, 0.02, 0.26)(-0.06, 0.04, 0.27)(-0.07, 0.06, 0.28)(-0.02, -0.08, 0.26)(-0.02, -0.02, 0.27)(-0.03, 0.03, 0.27)(-0.03, 0.06, 0.28)(-0.03, 0.07, 0.29)(-0.01, -0.09, 0.26)(0.00, -0.02, 0.28)(0.00, 0.02, 0.28)(-0.01, 0.04, 0.29)(-0.01, 0.06, 0.29)(0.00, -0.09, 0.27)(0.01, -0.03, 0.29)(0.02, 0.00, 0.28)(0.02, 0.02, 0.29)(0.02, 0.03, 0.30)
(0.03, -0.09, 0.25)(0.04, -0.05, 0.28)(0.01, -0.07, 0.26)(-0.02, -0.03, 0.26)(-0.03, -0.01, 0.27)(-0.03, 0.01, 0.27)(0.02, -0.08, 0.26)(0.02, -0.01, 0.27)(0.02, 0.03, 0.28)(0.02, 0.06, 0.29)(0.02, 0.07, 0.30)(0.02, -0.08, 0.26)(0.04, -0.02, 0.28)(0.05, 0.03, 0.30)(0.06, 0.06, 0.31)(0.06, 0.07, 0.31)(0.03, -0.08, 0.27)(0.05, -0.03, 0.29)(0.07, 0.01, 0.30)(0.07, 0.04, 0.31)(0.08, 0.05, 0.32)(0.04, -0.09, 0.27)(0.06, -0.04, 0.30)(0.08, -0.01, 0.30)(0.09, 0.00, 0.31)(0.09, 0.01, 0.32)
(0.05, -0.10, 0.26)(0.07, -0.07, 0.29)(0.04, -0.08, 0.27)(0.03, -0.04, 0.27)(0.03, -0.01, 0.29)(0.02, 0.01, 0.30)(0.05, -0.09, 0.27)(0.07, -0.03, 0.30)(0.09, 0.01, 0.31)(0.09, 0.03, 0.33)(0.09, 0.04, 0.34)(0.06, -0.09, 0.27)(0.09, -0.04, 0.30)(0.11, 0.00, 0.33)(0.12, 0.02, 0.34)(0.13, 0.03, 0.35)(0.06, -0.10, 0.28)(0.09, -0.06, 0.31)(0.12, -0.02, 0.33)(0.13, -0.01, 0.34)(0.14, 0.00, 0.35)(0.07, -0.11, 0.28)(0.10, -0.08, 0.32)(0.13, -0.06, 0.33)(0.14, -0.05, 0.34)(0.14, -0.04, 0.35)
(0.05, -0.10, 0.26)(0.07, -0.07, 0.29)(0.04, -0.08, 0.27)(0.02, -0.04, 0.27)(0.01, -0.01, 0.29)(0.01, 0.01, 0.29)(0.05, -0.08, 0.27)(0.06, -0.02, 0.29)(0.07, 0.02, 0.30)(0.08, 0.04, 0.31)(0.08, 0.05, 0.32)(0.05, -0.09, 0.27)(0.08, -0.03, 0.30)(0.10, 0.01, 0.32)(0.11, 0.03, 0.33)(0.11, 0.05, 0.34)(0.06, -0.10, 0.28)(0.09, -0.05, 0.31)(0.11, -0.01, 0.32)(0.12, 0.01, 0.33)(0.13, 0.02, 0.34)(0.07, -0.10, 0.28)(0.10, -0.07, 0.32)(0.12, -0.04, 0.32)(0.13, -0.03, 0.33)(0.14, -0.02, 0.34)
(0.01, -0.10, 0.25)(0.01, -0.05, 0.27)(-0.01, -0.08, 0.26)(-0.05, -0.05, 0.26)(-0.06, -0.02, 0.26)(-0.07, -0.01, 0.27)(0.00, -0.08, 0.26)(-0.01, -0.02, 0.26)(-0.02, 0.03, 0.26)(-0.03, 0.05, 0.27)(-0.03, 0.06, 0.27)(0.01, -0.08, 0.26)(0.01, -0.02, 0.27)(0.01, 0.03, 0.27)(0.01, 0.06, 0.28)(0.01, 0.08, 0.28)(0.02, -0.08, 0.27)(0.02, -0.02, 0.28)(0.03, 0.02, 0.28)(0.03, 0.04, 0.29)(0.03, 0.06, 0.29)(0.02, -0.09, 0.27)(0.04, -0.03, 0.29)(0.05, 0.00, 0.29)(0.06, 0.02, 0.29)(0.06, 0.03, 0.30)
(-0.02, -0.11, 0.25)(-0.02, -0.06, 0.26)(-0.04, -0.10, 0.25)(-0.08, -0.08, 0.25)(-0.10, -0.05, 0.26)(-0.12, -0.04, 0.27)(-0.03, -0.10, 0.25)(-0.06, -0.04, 0.26)(-0.08, 0.00, 0.26)(-0.09, 0.03, 0.27)(-0.09, 0.04, 0.27)(-0.02, -0.09, 0.26)(-0.04, -0.03, 0.26)(-0.05, 0.02, 0.27)(-0.06, 0.04, 0.27)(-0.06, 0.06, 0.28)(-0.01, -0.09, 0.26)(-0.02, -0.03, 0.27)(-0.03, 0.01, 0.28)(-0.03, 0.04, 0.28)(-0.04, 0.05, 0.29)(0.00, -0.09, 0.27)(0.00, -0.04, 0.28)(0.00, 0.00, 0.28)(0.00, 0.01, 0.29)(0.00, 0.03, 0.29)
(-0.03, -0.12, 0.25)(-0.04, -0.07, 0.27)(-0.06, -0.11, 0.25)(-0.10, -0.10, 0.26)(-0.12, -0.08, 0.27)(-0.14, -0.07, 0.27)(-0.05, -0.11, 0.26)(-0.08, -0.05, 0.26)(-0.10, -0.02, 0.26)(-0.12, 0.01, 0.27)(-0.13, 0.02, 0.28)(-0.04, -0.11, 0.26)(-0.06, -0.04, 0.27)(-0.08, 0.00, 0.27)(-0.09, 0.03, 0.28)(-0.10, 0.04, 0.28)(-0.03, -0.10, 0.26)(-0.04, -0.04, 0.28)(-0.06, 0.00, 0.28)(-0.06, 0.02, 0.28)(-0.07, 0.04, 0.29)(-0.02, -0.10, 0.27)(-0.02, -0.05, 0.29)(-0.03, -0.01, 0.28)(-0.03, 0.01, 0.29)(-0.03, 0.02, 0.29)
(-0.03, -0.11, 0.25)(-0.03, -0.07, 0.26)(-0.05, -0.10, 0.25)(-0.09, -0.08, 0.26)(-0.11, -0.06, 0.26)(-0.13, -0.05, 0.27)(-0.04, -0.10, 0.26)(-0.07, -0.04, 0.26)(-0.09, 0.00, 0.26)(-0.10, 0.02, 0.27)(-0.11, 0.03, 0.28)(-0.03, -0.10, 0.26)(-0.05, -0.03, 0.27)(-0.06, 0.01, 0.27)(-0.07, 0.04, 0.28)(-0.07, 0.06, 0.28)(-0.02, -0.10, 0.26)(-0.03, -0.03, 0.28)(-0.04, 0.01, 0.28)(-0.04, 0.03, 0.28)(-0.05, 0.05, 0.29)(-0.01, -0.10, 0.27)(-0.01, -0.04, 0.29)(-0.01, -0.01, 0.28)(-0.01, 0.01, 0.29)(-0.01, 0.02, 0.29)
(0.01, -0.09, 0.25)(0.02, -0.05, 0.27)(-0.01, -0.08, 0.26)(-0.04, -0.04, 0.26)(-0.05, -0.01, 0.27)(-0.06, 0.01, 0.27)(0.00, -0.08, 0.26)(0.00, -0.01, 0.27)(0.00, 0.03, 0.28)(-0.01, 0.06, 0.29)(-0.01, 0.07, 0.29)(0.01, -0.08, 0.26)(0.02, -0.02, 0.28)(0.02, 0.03, 0.29)(0.03, 0.06, 0.30)(0.03, 0.07, 0.31)(0.02, -0.08, 0.27)(0.03, -0.02, 0.29)(0.04, 0.02, 0.30)(0.05, 0.04, 0.30)(0.05, 0.06, 0.31)(0.02, -0.09, 0.28)(0.04, -0.04, 0.30)(0.06, -0.01, 0.30)(0.07, 0.01, 0.31)(0.07, 0.02, 0.32)
(0.03, -0.10, 0.26)(0.05, -0.06, 0.29)(0.02, -0.07, 0.27)(0.01, -0.03, 0.27)(0.00, 0.00, 0.28)(0.00, 0.02, 0.29)(0.03, -0.08, 0.27)(0.05, -0.02, 0.29)(0.06, 0.02, 0.30)(0.06, 0.04, 0.32)(0.06, 0.05, 0.33)(0.04, -0.08, 0.27)(0.06, -0.03, 0.30)(0.08, 0.01, 0.32)(0.09, 0.03, 0.33)(0.10, 0.05, 0.34)(0.04, -0.09, 0.28)(0.07, -0.04, 0.31)(0.10, -0.01, 0.32)(0.11, 0.01, 0.34)(0.11, 0.02, 0.35)(0.05, -0.10, 0.28)(0.08, -0.06, 0.32)(0.10, -0.04, 0.33)(0.12, -0.03, 0.34)(0.12, -0.02, 0.35)
(0.05, -0.10, 0.26)(0.07, -0.07, 0.29)(0.03, -0.08, 0.27)(0.02, -0.03, 0.28)(0.02, -0.01, 0.29)(0.01, 0.01, 0.30)(0.04, -0.08, 0.27)(0.06, -0.03, 0.30)(0.08, 0.01, 0.31)(0.09, 0.03, 0.33)(0.09, 0.04, 0.34)(0.05, -0.09, 0.27)(0.08, -0.04, 0.30)(0.10, 0.00, 0.33)(0.11, 0.02, 0.34)(0.12, 0.03, 0.35)(0.06, -0.10, 0.28)(0.09, -0.05, 0.31)(0.11, -0.02, 0.33)(0.13, -0.01, 0.34)(0.13, 0.01, 0.35)(0.06, -0.10, 0.28)(0.09, -0.07, 0.32)(0.12, -0.05, 0.33)(0.13, -0.04, 0.34)(0.14, -0.04, 0.35)
(0.04, -0.09, 0.26)(0.06, -0.06, 0.28)(0.03, -0.07, 0.26)(0.01, -0.03, 0.27)(0.00, 0.00, 0.28)(0.00, 0.02, 0.29)(0.04, -0.07, 0.27)(0.05, -0.02, 0.29)(0.06, 0.03, 0.30)(0.07, 0.05, 0.31)(0.07, 0.06, 0.32)(0.04, -0.08, 0.27)(0.07, -0.02, 0.29)(0.09, 0.02, 0.31)(0.10, 0.04, 0.32)(0.10, 0.05, 0.33)(0.05, -0.09, 0.27)(0.08, -0.04, 0.30)(0.10, 0.00, 0.31)(0.11, 0.02, 0.32)(0.12, 0.03, 0.33)(0.06, -0.09, 0.28)(0.09, -0.06, 0.31)(0.11, -0.03, 0.31)(0.12, -0.02, 0.32)(0.13, -0.01, 0.33)
(0.01, -0.09, 0.26)(0.02, -0.05, 0.27)(-0.01, -0.07, 0.26)(-0.04, -0.04, 0.26)(-0.06, -0.01, 0.26)(-0.07, 0.00, 0.27)(0.00, -0.07, 0.26)(-0.01, -0.01, 0.26)(-0.01, 0.03, 0.26)(-0.01, 0.06, 0.27)(-0.02, 0.07, 0.28)(0.01, -0.07, 0.26)(0.01, -0.01, 0.27)(0.02, 0.04, 0.28)(0.02, 0.07, 0.28)(0.02, 0.08, 0.28)(0.02, -0.08, 0.27)(0.03, -0.02, 0.28)(0.04, 0.03, 0.28)(0.04, 0.05, 0.29)(0.04, 0.07, 0.29)(0.03, -0.08, 0.27)(0.04, -0.03, 0.29)(0.06, 0.00, 0.29)(0.06, 0.02, 0.29)(0.07, 0.03, 0.30)
(-0.03, -0.12, 0.24)(-0.04, -0.07, 0.26)(-0.05, -0.11, 0.25)(-0.09, -0.08, 0.25)(-0.11, -0.06, 0.26)(-0.13, -0.05, 0.26)(-0.04, -0.10, 0.25)(-0.07, -0.04, 0.26)(-0.09, 0.00, 0.26)(-0.10, 0.02, 0.26)(-0.11, 0.03, 0.27)(-0.03, -0.10, 0.25)(-0.05, -0.04, 0.26)(-0.07, 0.01, 0.27)(-0.07, 0.04, 0.27)(-0.08, 0.05, 0.27)(-0.02, -0.10, 0.26)(-0.03, -0.04, 0.27)(-0.04, 0.00, 0.27)(-0.05, 0.03, 0.28)(-0.05, 0.04, 0.28)(-0.02, -0.10, 0.26)(-0.02, -0.04, 0.28)(-0.01, -0.01, 0.28)(-0.01, 0.01, 0.28)(-0.01, 0.02, 0.29)
(-0.03, -0.11, 0.24)(-0.04, -0.06, 0.26)(-0.06, -0.10, 0.25)(-0.09, -0.07, 0.25)(-0.11, -0.05, 0.26)(-0.13, -0.04, 0.26)(-0.05, -0.10, 0.25)(-0.07, -0.04, 0.25)(-0.09, 0.01, 0.26)(-0.09, 0.03, 0.26)(-0.10, 0.04, 0.27)(-0.04, -0.10, 0.25)(-0.05, -0.03, 0.26)(-0.06, 0.02, 0.27)(-0.06, 0.04, 0.27)(-0.07, 0.06, 0.27)(-0.03, -0.09, 0.25)(-0.03, -0.03, 0.27)(-0.04, 0.01, 0.27)(-0.04, 0.03, 0.28)(-0.04, 0.05, 0.28)(-0.02, -0.10, 0.26)(-0.01, -0.04, 0.28)(-0.01, -0.01, 0.28)(-0.01, 0.01, 0.28)(-0.01, 0.02, 0.29)
(0.00, -0.08, 0.24)(0.02, -0.05, 0.27)(-0.01, -0.06, 0.24)(-0.03, -0.02, 0.24)(-0.03, 0.01, 0.25)(-0.04, 0.03, 0.25)(0.00, -0.06, 0.25)(0.01, 0.00, 0.26)(0.02, 0.04, 0.27)(0.03, 0.06, 0.27)(0.03, 0.08, 0.28)(0.00, -0.07, 0.25)(0.03, -0.01, 0.27)(0.05, 0.03, 0.28)(0.06, 0.06, 0.29)(0.06, 0.07, 0.30)(0.01, -0.08, 0.26)(0.04, -0.02, 0.28)(0.06, 0.01, 0.29)(0.07, 0.03, 0.30)(0.08, 0.05, 0.31)(0.02, -0.08, 0.26)(0.04, -0.04, 0.30)(0.07, -0.02, 0.30)(0.08, 0.00, 0.31)(0.08, 0.01, 0.32)
(0.02, -0.09, 0.25)(0.05, -0.06, 0.28)(0.02, -0.06, 0.25)(0.01, -0.02, 0.25)(0.02, 0.01, 0.27)(0.01, 0.03, 0.27)(0.02, -0.07, 0.25)(0.05, -0.02, 0.28)(0.07, 0.02, 0.30)(0.08, 0.03, 0.31)(0.09, 0.05, 0.32)(0.03, -0.08, 0.26)(0.06, -0.03, 0.29)(0.09, 0.00, 0.31)(0.11, 0.02, 0.33)(0.11, 0.03, 0.34)(0.03, -0.09, 0.26)(0.07, -0.05, 0.30)(0.10, -0.02, 0.32)(0.11, -0.01, 0.33)(0.12, 0.00, 0.34)(0.03, -0.09, 0.27)(0.06, -0.07, 0.31)(0.09, -0.05, 0.32)(0.10, -0.05, 0.34)(0.11, -0.04, 0.34)
(0.04, -0.10, 0.26)(0.06, -0.07, 0.29)(0.03, -0.07, 0.26)(0.03, -0.03, 0.27)(0.03, 0.00, 0.28)(0.03, 0.02, 0.29)(0.04, -0.08, 0.26)(0.06, -0.03, 0.29)(0.09, 0.00, 0.31)(0.10, 0.02, 0.32)(0.10, 0.03, 0.33)(0.04, -0.09, 0.27)(0.08, -0.05, 0.30)(0.11, -0.01, 0.32)(0.12, 0.00, 0.34)(0.13, 0.02, 0.34)(0.04, -0.10, 0.27)(0.08, -0.06, 0.31)(0.11, -0.04, 0.33)(0.13, -0.02, 0.34)(0.14, -0.01, 0.35)(0.04, -0.11, 0.28)(0.08, -0.08, 0.32)(0.11, -0.07, 0.33)(0.12, -0.06, 0.34)(0.13, -0.06, 0.35)
(0.02, -0.10, 0.26)(0.03, -0.06, 0.28)(0.00, -0.09, 0.26)(-0.02, -0.05, 0.26)(-0.03, -0.02, 0.27)(-0.04, 0.00, 0.27)(0.01, -0.09, 0.27)(0.01, -0.02, 0.27)(0.02, 0.02, 0.27)(0.02, 0.05, 0.28)(0.02, 0.06, 0.28)(0.02, -0.09, 0.27)(0.03, -0.03, 0.28)(0.04, 0.02, 0.28)(0.05, 0.05, 0.29)(0.05, 0.07, 0.29)(0.03, -0.09, 0.27)(0.05, -0.03, 0.29)(0.06, 0.01, 0.29)(0.07, 0.03, 0.29)(0.07, 0.05, 0.29)(0.04, -0.10, 0.28)(0.06, -0.05, 0.30)(0.08, -0.02, 0.30)(0.09, 0.00, 0.30)(0.09, 0.01, 0.30)
(-0.02, -0.12, 0.25)(-0.03, -0.07, 0.26)(-0.04, -0.11, 0.25)(-0.08, -0.09, 0.25)(-0.10, -0.06, 0.26)(-0.12, -0.05, 0.27)(-0.03, -0.10, 0.26)(-0.06, -0.05, 0.26)(-0.08, -0.01, 0.26)(-0.09, 0.01, 0.26)(-0.10, 0.03, 0.27)(-0.02, -0.10, 0.26)(-0.04, -0.04, 0.26)(-0.06, 0.01, 0.27)(-0.06, 0.03, 0.27)(-0.07, 0.05, 0.27)(-0.01, -0.10, 0.26)(-0.02, -0.04, 0.27)(-0.03, 0.00, 0.27)(-0.04, 0.03, 0.28)(-0.04, 0.04, 0.28)(0.00, -0.10, 0.27)(-0.01, -0.05, 0.28)(0.00, -0.01, 0.28)(0.00, 0.01, 0.28)(0.00, 0.02, 0.29)
(-0.02, -0.12, 0.25)(-0.03, -0.07, 0.26)(-0.05, -0.11, 0.25)(-0.09, -0.09, 0.25)(-0.11, -0.07, 0.26)(-0.12, -0.05, 0.27)(-0.04, -0.11, 0.25)(-0.07, -0.05, 0.26)(-0.08, -0.01, 0.26)(-0.09, 0.01, 0.26)(-0.10, 0.03, 0.27)(-0.03, -0.10, 0.26)(-0.04, -0.04, 0.26)(-0.06, 0.01, 0.27)(-0.07, 0.03, 0.27)(-0.07, 0.05, 0.27)(-0.02, -0.10, 0.26)(-0.03, -0.04, 0.27)(-0.04, 0.00, 0.27)(-0.04, 0.02, 0.28)(-0.04, 0.04, 0.28)(-0.01, -0.10, 0.26)(-0.01, -0.05, 0.28)(-0.01, -0.01, 0.28)(-0.01, 0.00, 0.28)(-0.01, 0.02, 0.29)
(-0.01, -0.10, 0.25)(-0.01, -0.06, 0.26)(-0.04, -0.09, 0.25)(-0.07, -0.06, 0.25)(-0.08, -0.03, 0.26)(-0.10, -0.02, 0.26)(-0.03, -0.09, 0.25)(-0.04, -0.03, 0.26)(-0.05, 0.02, 0.26)(-0.05, 0.04, 0.27)(-0.06, 0.05, 0.27)(-0.02, -0.09, 0.26)(-0.02, -0.03, 0.27)(-0.02, 0.03, 0.27)(-0.02, 0.05, 0.28)(-0.02, 0.07, 0.28)(-0.01, -0.09, 0.26)(0.00, -0.03, 0.28)(0.00, 0.01, 0.28)(0.00, 0.04, 0.29)(0.00, 0.05, 0.29)(0.00, -0.09, 0.27)(0.01, -0.04, 0.29)(0.02, -0.01, 0.29)(0.03, 0.01, 0.29)(0.03, 0.02, 0.30)
(0.02, -0.09, 0.25)(0.03, -0.06, 0.27)(0.00, -0.07, 0.25)(-0.01, -0.03, 0.25)(-0.02, 0.00, 0.26)(-0.02, 0.02, 0.27)(0.01, -0.07, 0.26)(0.02, -0.01, 0.27)(0.03, 0.03, 0.28)(0.04, 0.05, 0.29)(0.04, 0.06, 0.29)(0.02, -0.08, 0.26)(0.04, -0.02, 0.28)(0.06, 0.02, 0.29)(0.07, 0.05, 0.30)(0.07, 0.06, 0.31)(0.03, -0.09, 0.26)(0.05, -0.03, 0.29)(0.07, 0.00, 0.30)(0.08, 0.02, 0.31)(0.09, 0.04, 0.31)(0.03, -0.09, 0.27)(0.06, -0.05, 0.30)(0.08, -0.03, 0.31)(0.09, -0.01, 0.31)(0.10, 0.00, 0.32)
(0.03, -0.11, 0.25)(0.05, -0.08, 0.28)(0.02, -0.09, 0.26)(0.01, -0.04, 0.26)(0.01, -0.01, 0.28)(0.00, 0.00, 0.28)(0.03, -0.09, 0.26)(0.05, -0.04, 0.28)(0.06, 0.00, 0.30)(0.07, 0.02, 0.31)(0.07, 0.03, 0.32)(0.03, -0.10, 0.26)(0.06, -0.05, 0.29)(0.09, -0.01, 0.32)(0.10, 0.01, 0.33)(0.10, 0.02, 0.34)(0.04, -0.11, 0.27)(0.07, -0.06, 0.30)(0.10, -0.03, 0.32)(0.11, -0.01, 0.33)(0.12, 0.00, 0.34)(0.04, -0.11, 0.27)(0.07, -0.08, 0.31)(0.10, -0.06, 0.32)(0.11, -0.05, 0.33)(0.12, -0.04, 0.34)
(0.03, -0.11, 0.25)(0.05, -0.09, 0.28)(0.02, -0.09, 0.26)(0.01, -0.05, 0.27)(0.01, -0.02, 0.28)(0.01, 0.00, 0.29)(0.03, -0.10, 0.26)(0.05, -0.04, 0.29)(0.07, -0.01, 0.31)(0.08, 0.01, 0.32)(0.09, 0.02, 0.33)(0.03, -0.10, 0.27)(0.07, -0.06, 0.30)(0.09, -0.02, 0.32)(0.11, 0.00, 0.34)(0.11, 0.01, 0.34)(0.04, -0.11, 0.27)(0.07, -0.07, 0.31)(0.10, -0.04, 0.33)(0.11, -0.03, 0.34)(0.12, -0.02, 0.35)(0.04, -0.12, 0.27)(0.08, -0.09, 0.31)(0.10, -0.08, 0.33)(0.12, -0.07, 0.34)(0.12, -0.06, 0.35)
(0.02, -0.11, 0.25)(0.03, -0.07, 0.27)(0.00, -0.09, 0.26)(-0.03, -0.06, 0.26)(-0.04, -0.03, 0.26)(-0.06, -0.02, 0.27)(0.01, -0.09, 0.26)(0.00, -0.03, 0.26)(0.00, 0.02, 0.26)(0.00, 0.04, 0.27)(0.00, 0.05, 0.27)(0.02, -0.09, 0.26)(0.02, -0.03, 0.27)(0.03, 0.02, 0.27)(0.03, 0.05, 0.27)(0.03, 0.06, 0.28)(0.03, -0.10, 0.26)(0.04, -0.04, 0.28)(0.05, 0.01, 0.28)(0.05, 0.03, 0.28)(0.05, 0.05, 0.28)(0.03, -0.10, 0.27)(0.05, -0.05, 0.29)(0.07, -0.02, 0.28)(0.08, 0.00, 0.29)(0.08, 0.01, 0.29)
(-0.01, -0.11, 0.24)(-0.01, -0.07, 0.26)(-0.03, -0.10, 0.25)(-0.07, -0.08, 0.25)(-0.09, -0.06, 0.26)(-0.10, -0.04, 0.26)(-0.02, -0.10, 0.25)(-0.05, -0.04, 0.25)(-0.06, 0.00, 0.26)(-0.07, 0.02, 0.26)(-0.08, 0.04, 0.26)(-0.01, -0.10, 0.25)(-0.03, -0.03, 0.26)(-0.04, 0.01, 0.26)(-0.04, 0.04, 0.26)(-0.05, 0.06, 0.27)(0.00, -0.10, 0.25)(-0.01, -0.03, 0.27)(-0.01, 0.01, 0.27)(-0.02, 0.03, 0.27)(-0.02, 0.05, 0.27)(0.01, -0.10, 0.26)(0.01, -0.04, 0.28)(0.01, -0.01, 0.27)(0.01, 0.01, 0.28)(0.01, 0.02, 0.28)
(-0.01, -0.12, 0.25)(-0.02, -0.08, 0.26)(-0.04, -0.11, 0.25)(-0.08, -0.09, 0.25)(-0.10, -0.07, 0.26)(-0.12, -0.06, 0.27)(-0.03, -0.11, 0.25)(-0.06, -0.05, 0.26)(-0.08, -0.02, 0.26)(-0.10, 0.01, 0.27)(-0.10, 0.02, 0.27)(-0.02, -0.11, 0.25)(-0.04, -0.05, 0.26)(-0.06, 0.00, 0.27)(-0.07, 0.03, 0.27)(-0.07, 0.04, 0.27)(-0.01, -0.10, 0.26)(-0.02, -0.04, 0.27)(-0.03, 0.00, 0.27)(-0.04, 0.02, 0.27)(-0.04, 0.04, 0.28)(0.00, -0.10, 0.26)(0.00, -0.05, 0.28)(-0.01, -0.02, 0.28)(0.00, 0.00, 0.28)(-0.01, 0.02, 0.29)
(0.00, -0.11, 0.24)(0.00, -0.06, 0.26)(-0.02, -0.09, 0.25)(-0.06, -0.06, 0.25)(-0.07, -0.04, 0.26)(-0.09, -0.02, 0.26)(-0.01, -0.09, 0.25)(-0.03, -0.03, 0.26)(-0.04, 0.01, 0.26)(-0.04, 0.04, 0.27)(-0.05, 0.05, 0.27)(0.00, -0.09, 0.25)(-0.01, -0.03, 0.26)(-0.01, 0.02, 0.27)(-0.01, 0.05, 0.28)(-0.01, 0.07, 0.28)(0.01, -0.09, 0.26)(0.01, -0.03, 0.27)(0.01, 0.01, 0.28)(0.01, 0.04, 0.28)(0.01, 0.05, 0.29)(0.02, -0.09, 0.26)(0.03, -0.04, 0.28)(0.03, -0.01, 0.28)(0.04, 0.01, 0.29)(0.04, 0.02, 0.30)
(0.03, -0.10, 0.25)(0.04, -0.06, 0.27)(0.01, -0.08, 0.26)(-0.01, -0.03, 0.26)(-0.01, 0.00, 0.27)(-0.02, 0.01, 0.27)(0.02, -0.08, 0.26)(0.03, -0.02, 0.27)(0.04, 0.02, 0.28)(0.05, 0.05, 0.29)(0.05, 0.06, 0.30)(0.03, -0.08, 0.26)(0.05, -0.03, 0.28)(0.07, 0.02, 0.30)(0.08, 0.04, 0.31)(0.08, 0.06, 0.31)(0.04, -0.09, 0.27)(0.06, -0.04, 0.29)(0.08, 0.00, 0.30)(0.09, 0.02, 0.31)(0.10, 0.03, 0.32)(0.04, -0.10, 0.27)(0.07, -0.06, 0.30)(0.09, -0.03, 0.31)(0.10, -0.02, 0.32)(0.11, -0.01, 0.32)
(0.04, -0.11, 0.25)(0.07, -0.08, 0.29)(0.03, -0.08, 0.26)(0.02, -0.04, 0.27)(0.02, -0.01, 0.29)(0.02, 0.00, 0.29)(0.04, -0.09, 0.26)(0.06, -0.04, 0.29)(0.08, 0.00, 0.31)(0.09, 0.02, 0.33)(0.09, 0.03, 0.34)(0.05, -0.10, 0.27)(0.08, -0.05, 0.30)(0.10, -0.02, 0.33)(0.12, 0.00, 0.34)(0.12, 0.01, 0.35)(0.05, -0.11, 0.27)(0.09, -0.07, 0.31)(0.11, -0.04, 0.33)(0.13, -0.03, 0.34)(0.13, -0.01, 0.35)(0.05, -0.11, 0.27)(0.09, -0.09, 0.32)(0.11, -0.07, 0.33)(0.13, -0.06, 0.34)(0.14, -0.06, 0.35)
(0.04, -0.11, 0.26)(0.06, -0.08, 0.29)(0.03, -0.09, 0.26)(0.02, -0.04, 0.27)(0.02, -0.02, 0.29)(0.01, 0.00, 0.29)(0.04, -0.09, 0.27)(0.06, -0.04, 0.29)(0.07, 0.00, 0.31)(0.08, 0.02, 0.32)(0.09, 0.03, 0.33)(0.04, -0.10, 0.27)(0.07, -0.05, 0.30)(0.10, -0.01, 0.32)(0.11, 0.01, 0.33)(0.12, 0.02, 0.34)(0.05, -0.11, 0.27)(0.08, -0.07, 0.31)(0.11, -0.03, 0.32)(0.12, -0.02, 0.33)(0.13, -0.01, 0.34)(0.05, -0.11, 0.28)(0.09, -0.09, 0.31)(0.11, -0.07, 0.32)(0.13, -0.06, 0.33)(0.13, -0.05, 0.34)
(0.02, -0.10, 0.26)(0.03, -0.05, 0.27)(0.00, -0.08, 0.26)(-0.03, -0.04, 0.26)(-0.04, -0.01, 0.27)(-0.05, 0.00, 0.27)(0.01, -0.08, 0.26)(0.00, -0.02, 0.27)(0.00, 0.03, 0.27)(0.00, 0.05, 0.28)(0.00, 0.07, 0.28)(0.02, -0.08, 0.26)(0.03, -0.02, 0.27)(0.03, 0.03, 0.28)(0.03, 0.06, 0.29)(0.04, 0.07, 0.29)(0.03, -0.08, 0.27)(0.04, -0.03, 0.28)(0.05, 0.02, 0.29)(0.06, 0.04, 0.29)(0.06, 0.06, 0.30)(0.03, -0.09, 0.27)(0.05, -0.04, 0.29)(0.07, -0.01, 0.29)(0.08, 0.01, 0.30)(0.08, 0.02, 0.30)
(-0.01, -0.10, 0.24)(-0.01, -0.05, 0.26)(-0.03, -0.08, 0.25)(-0.07, -0.06, 0.25)(-0.09, -0.03, 0.26)(-0.10, -0.02, 0.26)(-0.02, -0.08, 0.25)(-0.04, -0.02, 0.26)(-0.06, 0.02, 0.26)(-0.06, 0.04, 0.27)(-0.07, 0.06, 0.27)(-0.02, -0.08, 0.25)(-0.02, -0.02, 0.26)(-0.03, 0.03, 0.27)(-0.03, 0.06, 0.27)(-0.04, 0.07, 0.28)(-0.01, -0.08, 0.26)(-0.01, -0.02, 0.27)(-0.01, 0.02, 0.28)(-0.01, 0.05, 0.28)(-0.01, 0.06, 0.29)(0.00, -0.08, 0.26)(0.01, -0.03, 0.28)(0.02, 0.00, 0.28)(0.02, 0.02, 0.29)(0.02, 0.03, 0.29)
(-0.02, -0.11, 0.25)(-0.03, -0.07, 0.26)(-0.05, -0.11, 0.25)(-0.09, -0.09, 0.25)(-0.11, -0.07, 0.26)(-0.13, -0.06, 0.27)(-0.04, -0.10, 0.25)(-0.07, -0.05, 0.26)(-0.09, -0.01, 0.26)(-0.11, 0.01, 0.27)(-0.11, 0.02, 0.27)(-0.03, -0.10, 0.25)(-0.05, -0.04, 0.26)(-0.07, 0.01, 0.27)(-0.08, 0.03, 0.28)(-0.08, 0.05, 0.28)(-0.02, -0.10, 0.26)(-0.03, -0.04, 0.27)(-0.04, 0.01, 0.28)(-0.05, 0.03, 0.28)(-0.05, 0.04, 0.28)(-0.01, -0.10, 0.26)(-0.01, -0.04, 0.28)(-0.02, -0.01, 0.28)(-0.01, 0.01, 0.28)(-0.02, 0.02, 0.29)
(-0.02, -0.11, 0.25)(-0.03, -0.07, 0.26)(-0.05, -0.10, 0.25)(-0.09, -0.08, 0.25)(-0.11, -0.06, 0.26)(-0.12, -0.05, 0.27)(-0.04, -0.10, 0.25)(-0.06, -0.04, 0.26)(-0.08, 0.00, 0.27)(-0.09, 0.02, 0.27)(-0.10, 0.03, 0.28)(-0.03, -0.10, 0.26)(-0.04, -0.04, 0.27)(-0.06, 0.01, 0.28)(-0.06, 0.04, 0.28)(-0.07, 0.05, 0.28)(-0.02, -0.10, 0.26)(-0.03, -0.04, 0.28)(-0.03, 0.01, 0.28)(-0.04, 0.03, 0.28)(-0.04, 0.05, 0.29)(-0.01, -0.10, 0.26)(-0.01, -0.04, 0.28)(-0.01, -0.01, 0.28)(0.00, 0.01, 0.29)(0.00, 0.02, 0.29)
(0.00, -0.09, 0.25)(0.01, -0.05, 0.27)(-0.02, -0.08, 0.25)(-0.05, -0.04, 0.25)(-0.06, -0.01, 0.26)(-0.07, 0.00, 0.26)(-0.01, -0.08, 0.25)(-0.02, -0.01, 0.26)(-0.02, 0.03, 0.27)(-0.02, 0.05, 0.28)(-0.02, 0.07, 0.28)(0.00, -0.08, 0.26)(0.01, -0.02, 0.27)(0.01, 0.03, 0.28)(0.01, 0.06, 0.29)(0.02, 0.07, 0.30)(0.01, -0.08, 0.26)(0.02, -0.02, 0.28)(0.03, 0.02, 0.29)(0.03, 0.04, 0.30)(0.04, 0.06, 0.30)(0.01, -0.09, 0.27)(0.03, -0.04, 0.29)(0.05, -0.01, 0.30)(0.05, 0.01, 0.30)(0.06, 0.02, 0.31)

