(-0.05, -0.11, 0.38)(-0.04, -0.07, 0.41)(-0.02, -0.10, 0.39)(0.01, -0.09, 0.41)(0.03, -0.07, 0.43)(0.04, -0.06, 0.44)(-0.03, -0.10, 0.39)(-0.01, -0.05, 0.42)(0.00, -0.02, 0.45)(0.00, -0.01, 0.47)(0.00, 0.00, 0.48)(-0.04, -0.10, 0.39)(-0.03, -0.05, 0.42)(-0.03, -0.05, 0.47)(-0.03, -0.07, 0.48)(-0.02, -0.09, 0.49)(-0.05, -0.09, 0.39)(-0.05, -0.05, 0.42)(-0.05, -0.06, 0.46)(-0.04, -0.08, 0.47)(-0.04, -0.10, 0.46)(-0.06, -0.10, 0.39)(-0.07, -0.06, 0.43)(-0.07, -0.06, 0.46)(-0.06, -0.08, 0.46)(-0.05, -0.09, 0.46)
(-0.05, -0.11, 0.37)(-0.05, -0.07, 0.40)(-0.03, -0.10, 0.38)(0.01, -0.09, 0.40)(0.02, -0.07, 0.41)(0.04, -0.06, 0.43)(-0.04, -0.10, 0.38)(-0.02, -0.05, 0.41)(-0.01, -0.02, 0.44)(0.00, -0.01, 0.46)(0.00, 0.00, 0.47)(-0.05, -0.10, 0.38)(-0.04, -0.05, 0.41)(-0.03, -0.05, 0.45)(-0.03, -0.07, 0.47)(-0.02, -0.08, 0.47)(-0.06, -0.10, 0.38)(-0.05, -0.06, 0.41)(-0.05, -0.06, 0.45)(-0.04, -0.08, 0.45)(-0.04, -0.10, 0.45)(-0.07, -0.10, 0.39)(-0.07, -0.06, 0.42)(-0.07, -0.06, 0.45)(-0.06, -0.08, 0.45)(-0.05, -0.09, 0.45)
(-0.06, -0.12, 0.35)(-0.06, -0.08, 0.37)(-0.04, -0.11, 0.36)(0.00, -0.09, 0.37)(0.01, -0.07, 0.38)(0.03, -0.05, 0.39)(-0.05, -0.11, 0.36)(-0.03, -0.05, 0.37)(-0.02, -0.02, 0.40)(-0.01, -0.01, 0.42)(-0.01, -0.01, 0.43)(-0.06, -0.11, 0.36)(-0.05, -0.05, 0.38)(-0.03, -0.04, 0.42)(-0.03, -0.07, 0.43)(-0.03, -0.08, 0.43)(-0.07, -0.11, 0.37)(-0.06, -0.06, 0.39)(-0.05, -0.06, 0.42)(-0.05, -0.08, 0.42)(-0.04, -0.09, 0.40)(-0.08, -0.11, 0.37)(-0.08, -0.07, 0.40)(-0.07, -0.06, 0.42)(-0.06, -0.08, 0.42)(-0.06, -0.09, 0.41)
(-0.09, -0.14, 0.34)(-0.08, -0.09, 0.36)(-0.06, -0.13, 0.34)(-0.03, -0.10, 0.35)(-0.01, -0.08, 0.36)(0.00, -0.07, 0.37)(-0.07, -0.12, 0.34)(-0.05, -0.07, 0.35)(-0.04, -0.04, 0.38)(-0.04, -0.05, 0.40)(-0.03, -0.06, 0.41)(-0.08, -0.12, 0.35)(-0.07, -0.07, 0.36)(-0.06, -0.05, 0.40)(-0.05, -0.08, 0.40)(-0.05, -0.10, 0.39)(-0.09, -0.12, 0.35)(-0.09, -0.07, 0.37)(-0.07, -0.07, 0.40)(-0.07, -0.09, 0.39)(-0.07, -0.10, 0.38)(-0.10, -0.13, 0.35)(-0.10, -0.08, 0.38)(-0.09, -0.08, 0.40)(-0.09, -0.10, 0.40)(-0.08, -0.10, 0.38)
(-0.13, -0.15, 0.34)(-0.13, -0.12, 0.37)(-0.11, -0.14, 0.35)(-0.08, -0.12, 0.37)(-0.06, -0.11, 0.39)(-0.04, -0.10, 0.40)(-0.12, -0.14, 0.35)(-0.10, -0.09, 0.38)(-0.09, -0.08, 0.41)(-0.09, -0.11, 0.42)(-0.09, -0.12, 0.41)(-0.13, -0.14, 0.35)(-0.12, -0.09, 0.38)(-0.11, -0.09, 0.42)(-0.10, -0.12, 0.42)(-0.11, -0.13, 0.40)(-0.14, -0.14, 0.36)(-0.14, -0.10, 0.39)(-0.13, -0.11, 0.43)(-0.12, -0.13, 0.42)(-0.12, -0.13, 0.40)(-0.15, -0.15, 0.36)(-0.15, -0.12, 0.40)(-0.15, -0.12, 0.42)(-0.14, -0.13, 0.41)(-0.13, -0.14, 0.40)
(-0.18, -0.16, 0.36)(-0.19, -0.14, 0.40)(-0.16, -0.16, 0.38)(-0.13, -0.14, 0.40)(-0.11, -0.14, 0.43)(-0.10, -0.13, 0.44)(-0.17, -0.16, 0.38)(-0.16, -0.12, 0.42)(-0.15, -0.12, 0.46)(-0.15, -0.14, 0.46)(-0.15, -0.15, 0.44)(-0.18, -0.16, 0.38)(-0.18, -0.12, 0.42)(-0.17, -0.13, 0.46)(-0.17, -0.16, 0.45)(-0.17, -0.16, 0.43)(-0.19, -0.16, 0.38)(-0.20, -0.13, 0.42)(-0.19, -0.14, 0.46)(-0.18, -0.16, 0.44)(-0.18, -0.16, 0.43)(-0.20, -0.16, 0.38)(-0.21, -0.14, 0.43)(-0.21, -0.15, 0.45)(-0.20, -0.16, 0.44)(-0.19, -0.16, 0.42)
(-0.22, -0.17, 0.38)(-0.23, -0.15, 0.42)(-0.20, -0.17, 0.40)(-0.17, -0.16, 0.43)(-0.15, -0.15, 0.45)(-0.14, -0.15, 0.46)(-0.21, -0.16, 0.40)(-0.20, -0.13, 0.45)(-0.20, -0.15, 0.48)(-0.20, -0.17, 0.46)(-0.20, -0.17, 0.45)(-0.22, -0.16, 0.39)(-0.22, -0.13, 0.44)(-0.22, -0.16, 0.48)(-0.21, -0.17, 0.45)(-0.21, -0.17, 0.44)(-0.23, -0.17, 0.39)(-0.24, -0.14, 0.44)(-0.23, -0.17, 0.47)(-0.22, -0.18, 0.45)(-0.22, -0.17, 0.44)(-0.24, -0.17, 0.39)(-0.26, -0.16, 0.44)(-0.25, -0.17, 0.46)(-0.24, -0.18, 0.45)(-0.23, -0.17, 0.44)
(-0.22, -0.18, 0.39)(-0.23, -0.16, 0.43)(-0.21, -0.17, 0.41)(-0.18, -0.17, 0.44)(-0.16, -0.16, 0.47)(-0.14, -0.16, 0.48)(-0.22, -0.17, 0.41)(-0.21, -0.14, 0.46)(-0.21, -0.17, 0.49)(-0.21, -0.18, 0.47)(-0.21, -0.18, 0.46)(-0.22, -0.17, 0.41)(-0.23, -0.15, 0.46)(-0.23, -0.18, 0.49)(-0.22, -0.19, 0.46)(-0.22, -0.18, 0.45)(-0.23, -0.17, 0.41)(-0.25, -0.16, 0.45)(-0.25, -0.18, 0.48)(-0.23, -0.19, 0.46)(-0.23, -0.18, 0.45)(-0.24, -0.18, 0.40)(-0.26, -0.17, 0.45)(-0.26, -0.18, 0.47)(-0.25, -0.19, 0.46)(-0.24, -0.19, 0.45)
(-0.15, -0.19, 0.40)(-0.16, -0.18, 0.44)(-0.13, -0.19, 0.42)(-0.10, -0.18, 0.45)(-0.08, -0.18, 0.47)(-0.06, -0.18, 0.48)(-0.14, -0.19, 0.42)(-0.13, -0.16, 0.47)(-0.13, -0.19, 0.50)(-0.13, -0.20, 0.48)(-0.13, -0.19, 0.46)(-0.15, -0.19, 0.42)(-0.15, -0.16, 0.47)(-0.15, -0.19, 0.50)(-0.14, -0.20, 0.47)(-0.14, -0.20, 0.46)(-0.16, -0.19, 0.42)(-0.17, -0.17, 0.47)(-0.17, -0.20, 0.49)(-0.16, -0.21, 0.47)(-0.15, -0.20, 0.45)(-0.17, -0.19, 0.42)(-0.19, -0.18, 0.46)(-0.19, -0.20, 0.48)(-0.17, -0.21, 0.47)(-0.16, -0.20, 0.46)
(-0.08, -0.19, 0.40)(-0.08, -0.18, 0.45)(-0.06, -0.19, 0.42)(-0.02, -0.19, 0.44)(0.01, -0.19, 0.46)(0.02, -0.19, 0.47)(-0.07, -0.19, 0.42)(-0.05, -0.16, 0.47)(-0.04, -0.19, 0.49)(-0.05, -0.20, 0.47)(-0.05, -0.19, 0.46)(-0.07, -0.19, 0.42)(-0.07, -0.16, 0.47)(-0.06, -0.20, 0.49)(-0.06, -0.20, 0.47)(-0.06, -0.19, 0.45)(-0.08, -0.19, 0.42)(-0.09, -0.17, 0.47)(-0.08, -0.20, 0.49)(-0.07, -0.21, 0.47)(-0.07, -0.20, 0.45)(-0.09, -0.19, 0.42)(-0.10, -0.18, 0.47)(-0.10, -0.20, 0.48)(-0.09, -0.21, 0.47)(-0.09, -0.20, 0.46)
(-0.06, -0.19, 0.40)(-0.05, -0.18, 0.44)(-0.03, -0.19, 0.41)(0.01, -0.19, 0.43)(0.03, -0.19, 0.45)(0.05, -0.19, 0.45)(-0.04, -0.19, 0.41)(-0.02, -0.17, 0.46)(-0.01, -0.19, 0.48)(-0.02, -0.20, 0.46)(-0.03, -0.19, 0.45)(-0.05, -0.19, 0.41)(-0.04, -0.16, 0.46)(-0.03, -0.20, 0.48)(-0.04, -0.21, 0.46)(-0.04, -0.19, 0.44)(-0.06, -0.19, 0.42)(-0.06, -0.17, 0.46)(-0.05, -0.20, 0.48)(-0.05, -0.21, 0.46)(-0.05, -0.19, 0.45)(-0.07, -0.19, 0.42)(-0.08, -0.18, 0.47)(-0.07, -0.20, 0.48)(-0.07, -0.20, 0.46)(-0.06, -0.20, 0.45)
(-0.13, -0.20, 0.41)(-0.13, -0.19, 0.46)(-0.11, -0.20, 0.43)(-0.07, -0.20, 0.45)(-0.05, -0.20, 0.47)(-0.03, -0.20, 0.48)(-0.12, -0.20, 0.43)(-0.10, -0.18, 0.48)(-0.10, -0.21, 0.50)(-0.10, -0.21, 0.48)(-0.10, -0.21, 0.46)(-0.13, -0.20, 0.43)(-0.12, -0.17, 0.48)(-0.12, -0.21, 0.50)(-0.12, -0.22, 0.47)(-0.12, -0.20, 0.46)(-0.14, -0.20, 0.43)(-0.14, -0.18, 0.48)(-0.14, -0.21, 0.50)(-0.13, -0.22, 0.48)(-0.13, -0.21, 0.46)(-0.15, -0.20, 0.43)(-0.16, -0.19, 0.48)(-0.16, -0.21, 0.49)(-0.15, -0.21, 0.48)(-0.14, -0.21, 0.47)
(-0.13, -0.20, 0.41)(-0.13, -0.19, 0.46)(-0.11, -0.20, 0.43)(-0.07, -0.20, 0.45)(-0.05, -0.20, 0.47)(-0.03, -0.20, 0.48)(-0.12, -0.20, 0.43)(-0.10, -0.18, 0.48)(-0.10, -0.21, 0.50)(-0.10, -0.21, 0.48)(-0.10, -0.21, 0.46)(-0.13, -0.20, 0.43)(-0.12, -0.17, 0.48)(-0.12, -0.21, 0.50)(-0.12, -0.22, 0.47)(-0.12, -0.20, 0.46)(-0.14, -0.20, 0.43)(-0.14, -0.18, 0.48)(-0.14, -0.21, 0.50)(-0.13, -0.22, 0.48)(-0.13, -0.21, 0.46)(-0.15, -0.20, 0.43)(-0.16, -0.19, 0.48)(-0.16, -0.21, 0.49)(-0.15, -0.21, 0.48)(-0.14, -0.21, 0.47)
(-0.20, -0.21, 0.42)(-0.22, -0.20, 0.46)(-0.19, -0.21, 0.44)(-0.16, -0.21, 0.47)(-0.14, -0.21, 0.49)(-0.12, -0.21, 0.51)(-0.20, -0.21, 0.44)(-0.19, -0.19, 0.49)(-0.19, -0.22, 0.51)(-0.19, -0.23, 0.49)(-0.19, -0.22, 0.48)(-0.21, -0.21, 0.43)(-0.21, -0.19, 0.49)(-0.21, -0.22, 0.51)(-0.20, -0.23, 0.48)(-0.20, -0.22, 0.47)(-0.22, -0.21, 0.43)(-0.23, -0.20, 0.48)(-0.23, -0.23, 0.50)(-0.22, -0.23, 0.48)(-0.21, -0.22, 0.47)(-0.22, -0.21, 0.43)(-0.25, -0.21, 0.48)(-0.25, -0.23, 0.49)(-0.23, -0.23, 0.48)(-0.22, -0.23, 0.47)
(-0.20, -0.21, 0.42)(-0.22, -0.20, 0.46)(-0.19, -0.21, 0.44)(-0.16, -0.21, 0.47)(-0.14, -0.21, 0.49)(-0.12, -0.21, 0.51)(-0.20, -0.21, 0.44)(-0.19, -0.19, 0.49)(-0.19, -0.22, 0.51)(-0.19, -0.23, 0.49)(-0.19, -0.22, 0.48)(-0.21, -0.21, 0.43)(-0.21, -0.19, 0.49)(-0.21, -0.22, 0.51)(-0.20, -0.23, 0.48)(-0.20, -0.22, 0.47)(-0.22, -0.21, 0.43)(-0.23, -0.20, 0.48)(-0.23, -0.23, 0.50)(-0.22, -0.23, 0.48)(-0.21, -0.22, 0.47)(-0.22, -0.21, 0.43)(-0.25, -0.21, 0.48)(-0.25, -0.23, 0.49)(-0.23, -0.23, 0.48)(-0.22, -0.23, 0.47)
(-0.16, -0.22, 0.42)(-0.17, -0.21, 0.47)(-0.14, -0.22, 0.44)(-0.11, -0.22, 0.47)(-0.09, -0.22, 0.49)(-0.08, -0.21, 0.50)(-0.15, -0.22, 0.44)(-0.15, -0.20, 0.50)(-0.14, -0.22, 0.52)(-0.15, -0.23, 0.49)(-0.15, -0.23, 0.48)(-0.16, -0.21, 0.44)(-0.17, -0.19, 0.49)(-0.17, -0.23, 0.51)(-0.16, -0.24, 0.49)(-0.16, -0.23, 0.47)(-0.17, -0.21, 0.44)(-0.19, -0.20, 0.48)(-0.18, -0.23, 0.50)(-0.17, -0.24, 0.48)(-0.17, -0.23, 0.47)(-0.18, -0.22, 0.43)(-0.20, -0.21, 0.48)(-0.20, -0.23, 0.49)(-0.19, -0.24, 0.48)(-0.18, -0.23, 0.47)
(-0.07, -0.21, 0.41)(-0.07, -0.20, 0.45)(-0.05, -0.21, 0.42)(-0.01, -0.21, 0.45)(0.01, -0.21, 0.47)(0.03, -0.21, 0.48)(-0.06, -0.21, 0.43)(-0.04, -0.19, 0.48)(-0.03, -0.22, 0.50)(-0.04, -0.23, 0.48)(-0.04, -0.22, 0.46)(-0.07, -0.21, 0.43)(-0.06, -0.19, 0.48)(-0.06, -0.22, 0.50)(-0.06, -0.23, 0.47)(-0.05, -0.22, 0.46)(-0.08, -0.21, 0.43)(-0.08, -0.19, 0.48)(-0.08, -0.22, 0.50)(-0.07, -0.23, 0.48)(-0.06, -0.22, 0.46)(-0.09, -0.21, 0.43)(-0.10, -0.20, 0.48)(-0.10, -0.22, 0.49)(-0.09, -0.23, 0.47)(-0.08, -0.22, 0.46)
(-0.05, -0.20, 0.40)(-0.04, -0.18, 0.45)(-0.02, -0.20, 0.42)(0.01, -0.20, 0.44)(0.04, -0.20, 0.46)(0.06, -0.20, 0.47)(-0.03, -0.20, 0.42)(-0.01, -0.17, 0.47)(0.00, -0.20, 0.49)(-0.01, -0.21, 0.47)(-0.02, -0.21, 0.46)(-0.04, -0.20, 0.42)(-0.03, -0.17, 0.47)(-0.02, -0.20, 0.49)(-0.03, -0.21, 0.47)(-0.03, -0.20, 0.45)(-0.05, -0.20, 0.42)(-0.05, -0.18, 0.47)(-0.04, -0.21, 0.49)(-0.04, -0.21, 0.47)(-0.04, -0.20, 0.45)(-0.06, -0.20, 0.42)(-0.07, -0.19, 0.47)(-0.07, -0.20, 0.49)(-0.06, -0.21, 0.47)(-0.05, -0.21, 0.46)
(-0.11, -0.20, 0.41)(-0.11, -0.18, 0.46)(-0.09, -0.20, 0.43)(-0.05, -0.20, 0.45)(-0.03, -0.20, 0.47)(-0.01, -0.20, 0.48)(-0.10, -0.19, 0.43)(-0.08, -0.17, 0.48)(-0.07, -0.20, 0.50)(-0.08, -0.21, 0.48)(-0.08, -0.20, 0.47)(-0.11, -0.19, 0.43)(-0.10, -0.17, 0.48)(-0.09, -0.20, 0.51)(-0.10, -0.21, 0.48)(-0.09, -0.20, 0.46)(-0.12, -0.19, 0.43)(-0.12, -0.18, 0.48)(-0.11, -0.21, 0.50)(-0.11, -0.21, 0.48)(-0.11, -0.20, 0.47)(-0.13, -0.19, 0.43)(-0.14, -0.18, 0.48)(-0.14, -0.20, 0.50)(-0.13, -0.21, 0.48)(-0.12, -0.20, 0.47)
(-0.18, -0.20, 0.42)(-0.18, -0.19, 0.46)(-0.16, -0.21, 0.44)(-0.13, -0.21, 0.47)(-0.10, -0.21, 0.49)(-0.09, -0.21, 0.50)(-0.17, -0.20, 0.44)(-0.16, -0.18, 0.49)(-0.16, -0.21, 0.51)(-0.16, -0.22, 0.49)(-0.16, -0.21, 0.48)(-0.18, -0.20, 0.44)(-0.18, -0.18, 0.49)(-0.18, -0.22, 0.51)(-0.17, -0.22, 0.48)(-0.17, -0.21, 0.47)(-0.19, -0.20, 0.44)(-0.20, -0.19, 0.48)(-0.20, -0.22, 0.50)(-0.19, -0.22, 0.49)(-0.18, -0.21, 0.47)(-0.20, -0.20, 0.43)(-0.21, -0.20, 0.48)(-0.22, -0.21, 0.49)(-0.20, -0.22, 0.48)(-0.19, -0.22, 0.47)
(-0.20, -0.21, 0.42)(-0.21, -0.20, 0.46)(-0.18, -0.21, 0.44)(-0.15, -0.21, 0.47)(-0.13, -0.21, 0.49)(-0.11, -0.21, 0.50)(-0.19, -0.21, 0.44)(-0.18, -0.19, 0.49)(-0.18, -0.22, 0.51)(-0.18, -0.23, 0.49)(-0.18, -0.22, 0.48)(-0.20, -0.21, 0.44)(-0.20, -0.19, 0.49)(-0.20, -0.22, 0.51)(-0.20, -0.23, 0.48)(-0.19, -0.22, 0.47)(-0.21, -0.21, 0.43)(-0.22, -0.19, 0.48)(-0.22, -0.22, 0.50)(-0.21, -0.23, 0.48)(-0.20, -0.22, 0.47)(-0.22, -0.21, 0.43)(-0.24, -0.20, 0.48)(-0.24, -0.22, 0.49)(-0.23, -0.23, 0.48)(-0.22, -0.22, 0.47)
(-0.15, -0.21, 0.42)(-0.16, -0.20, 0.46)(-0.13, -0.21, 0.44)(-0.10, -0.22, 0.47)(-0.08, -0.22, 0.49)(-0.06, -0.22, 0.50)(-0.14, -0.21, 0.44)(-0.13, -0.19, 0.49)(-0.13, -0.22, 0.51)(-0.13, -0.23, 0.49)(-0.13, -0.22, 0.48)(-0.15, -0.21, 0.44)(-0.15, -0.19, 0.49)(-0.15, -0.23, 0.51)(-0.15, -0.23, 0.48)(-0.14, -0.22, 0.47)(-0.16, -0.21, 0.43)(-0.17, -0.20, 0.48)(-0.17, -0.23, 0.50)(-0.16, -0.23, 0.48)(-0.15, -0.22, 0.47)(-0.17, -0.21, 0.43)(-0.19, -0.21, 0.48)(-0.19, -0.22, 0.49)(-0.18, -0.23, 0.48)(-0.17, -0.23, 0.47)
(-0.09, -0.21, 0.41)(-0.09, -0.20, 0.45)(-0.07, -0.21, 0.42)(-0.03, -0.21, 0.45)(-0.01, -0.22, 0.47)(0.01, -0.22, 0.48)(-0.08, -0.21, 0.43)(-0.06, -0.19, 0.48)(-0.06, -0.22, 0.50)(-0.06, -0.23, 0.48)(-0.06, -0.22, 0.46)(-0.08, -0.21, 0.43)(-0.08, -0.19, 0.48)(-0.08, -0.22, 0.50)(-0.08, -0.23, 0.47)(-0.08, -0.22, 0.46)(-0.10, -0.21, 0.43)(-0.10, -0.19, 0.47)(-0.10, -0.22, 0.50)(-0.09, -0.23, 0.48)(-0.09, -0.22, 0.46)(-0.10, -0.21, 0.43)(-0.12, -0.20, 0.47)(-0.12, -0.22, 0.49)(-0.11, -0.22, 0.47)(-0.10, -0.22, 0.46)
(-0.07, -0.21, 0.39)(-0.06, -0.19, 0.44)(-0.05, -0.21, 0.41)(-0.01, -0.21, 0.43)(0.02, -0.21, 0.45)(0.03, -0.21, 0.46)(-0.06, -0.21, 0.41)(-0.03, -0.18, 0.46)(-0.03, -0.21, 0.48)(-0.04, -0.22, 0.46)(-0.04, -0.22, 0.45)(-0.06, -0.21, 0.41)(-0.05, -0.18, 0.46)(-0.05, -0.21, 0.49)(-0.05, -0.22, 0.46)(-0.05, -0.21, 0.44)(-0.07, -0.20, 0.41)(-0.07, -0.18, 0.46)(-0.07, -0.21, 0.48)(-0.07, -0.22, 0.46)(-0.06, -0.21, 0.45)(-0.08, -0.20, 0.41)(-0.09, -0.19, 0.46)(-0.09, -0.21, 0.47)(-0.08, -0.22, 0.46)(-0.08, -0.22, 0.45)
(-0.10, -0.21, 0.40)(-0.10, -0.20, 0.45)(-0.08, -0.22, 0.42)(-0.05, -0.21, 0.44)(-0.02, -0.22, 0.46)(0.00, -0.22, 0.47)(-0.09, -0.21, 0.42)(-0.07, -0.19, 0.47)(-0.07, -0.22, 0.49)(-0.08, -0.23, 0.47)(-0.08, -0.22, 0.46)(-0.10, -0.21, 0.42)(-0.09, -0.18, 0.47)(-0.09, -0.22, 0.49)(-0.09, -0.23, 0.47)(-0.09, -0.22, 0.45)(-0.11, -0.21, 0.42)(-0.11, -0.19, 0.47)(-0.11, -0.22, 0.49)(-0.10, -0.23, 0.47)(-0.10, -0.22, 0.45)(-0.12, -0.21, 0.42)(-0.13, -0.20, 0.47)(-0.13, -0.21, 0.48)(-0.12, -0.22, 0.47)(-0.11, -0.22, 0.46)
(-0.18, -0.22, 0.42)(-0.19, -0.21, 0.47)(-0.16, -0.23, 0.44)(-0.13, -0.22, 0.47)(-0.11, -0.23, 0.49)(-0.09, -0.23, 0.50)(-0.17, -0.22, 0.44)(-0.16, -0.20, 0.50)(-0.16, -0.23, 0.52)(-0.16, -0.24, 0.50)(-0.16, -0.23, 0.48)(-0.18, -0.22, 0.44)(-0.18, -0.20, 0.49)(-0.18, -0.24, 0.52)(-0.18, -0.24, 0.49)(-0.17, -0.23, 0.48)(-0.19, -0.22, 0.44)(-0.20, -0.21, 0.49)(-0.20, -0.24, 0.51)(-0.19, -0.24, 0.49)(-0.19, -0.23, 0.47)(-0.20, -0.22, 0.44)(-0.22, -0.22, 0.49)(-0.22, -0.23, 0.50)(-0.21, -0.24, 0.49)(-0.20, -0.24, 0.48)
(-0.22, -0.22, 0.42)(-0.23, -0.22, 0.46)(-0.20, -0.23, 0.44)(-0.18, -0.23, 0.47)(-0.16, -0.23, 0.50)(-0.14, -0.23, 0.51)(-0.21, -0.22, 0.44)(-0.21, -0.21, 0.50)(-0.21, -0.24, 0.52)(-0.21, -0.25, 0.49)(-0.21, -0.24, 0.48)(-0.22, -0.22, 0.44)(-0.23, -0.21, 0.49)(-0.23, -0.25, 0.51)(-0.22, -0.25, 0.48)(-0.22, -0.24, 0.47)(-0.23, -0.22, 0.44)(-0.25, -0.22, 0.48)(-0.25, -0.25, 0.50)(-0.24, -0.25, 0.48)(-0.23, -0.24, 0.47)(-0.24, -0.23, 0.43)(-0.26, -0.23, 0.48)(-0.27, -0.25, 0.49)(-0.25, -0.25, 0.48)(-0.24, -0.24, 0.47)
(-0.20, -0.23, 0.42)(-0.21, -0.22, 0.47)(-0.18, -0.23, 0.44)(-0.16, -0.23, 0.47)(-0.14, -0.23, 0.50)(-0.12, -0.24, 0.51)(-0.19, -0.23, 0.44)(-0.19, -0.21, 0.50)(-0.19, -0.24, 0.52)(-0.19, -0.25, 0.50)(-0.19, -0.25, 0.48)(-0.20, -0.23, 0.44)(-0.21, -0.21, 0.49)(-0.21, -0.25, 0.51)(-0.20, -0.26, 0.49)(-0.20, -0.24, 0.47)(-0.21, -0.23, 0.44)(-0.23, -0.22, 0.48)(-0.23, -0.25, 0.50)(-0.22, -0.26, 0.48)(-0.21, -0.24, 0.47)(-0.22, -0.23, 0.43)(-0.24, -0.23, 0.48)(-0.25, -0.25, 0.49)(-0.23, -0.26, 0.48)(-0.22, -0.25, 0.47)
(-0.07, -0.22, 0.41)(-0.07, -0.20, 0.45)(-0.05, -0.22, 0.42)(-0.02, -0.22, 0.45)(0.01, -0.22, 0.47)(0.02, -0.22, 0.48)(-0.06, -0.22, 0.42)(-0.04, -0.20, 0.48)(-0.04, -0.23, 0.50)(-0.05, -0.24, 0.48)(-0.05, -0.23, 0.46)(-0.07, -0.21, 0.42)(-0.06, -0.19, 0.48)(-0.06, -0.23, 0.50)(-0.06, -0.24, 0.47)(-0.06, -0.23, 0.46)(-0.08, -0.21, 0.42)(-0.08, -0.20, 0.47)(-0.08, -0.23, 0.49)(-0.07, -0.24, 0.47)(-0.07, -0.23, 0.46)(-0.09, -0.22, 0.42)(-0.10, -0.21, 0.47)(-0.10, -0.23, 0.49)(-0.09, -0.23, 0.47)(-0.08, -0.23, 0.46)
(-0.06, -0.22, 0.40)(-0.05, -0.20, 0.45)(-0.03, -0.22, 0.42)(0.00, -0.22, 0.44)(0.03, -0.22, 0.46)(0.04, -0.22, 0.47)(-0.04, -0.22, 0.42)(-0.02, -0.20, 0.47)(-0.02, -0.22, 0.49)(-0.03, -0.23, 0.47)(-0.03, -0.23, 0.46)(-0.05, -0.21, 0.42)(-0.04, -0.19, 0.47)(-0.04, -0.23, 0.50)(-0.04, -0.24, 0.47)(-0.04, -0.23, 0.46)(-0.06, -0.21, 0.42)(-0.06, -0.20, 0.47)(-0.06, -0.23, 0.49)(-0.05, -0.24, 0.47)(-0.05, -0.23, 0.46)(-0.07, -0.22, 0.42)(-0.08, -0.21, 0.47)(-0.08, -0.22, 0.49)(-0.07, -0.23, 0.47)(-0.06, -0.23, 0.46)
(-0.09, -0.22, 0.41)(-0.09, -0.21, 0.46)(-0.07, -0.22, 0.43)(-0.03, -0.22, 0.45)(0.00, -0.23, 0.47)(0.01, -0.23, 0.48)(-0.08, -0.22, 0.43)(-0.05, -0.20, 0.48)(-0.05, -0.23, 0.50)(-0.06, -0.24, 0.48)(-0.06, -0.23, 0.47)(-0.08, -0.22, 0.43)(-0.07, -0.20, 0.48)(-0.07, -0.23, 0.50)(-0.07, -0.24, 0.48)(-0.07, -0.23, 0.46)(-0.09, -0.22, 0.43)(-0.09, -0.21, 0.48)(-0.09, -0.24, 0.50)(-0.09, -0.24, 0.48)(-0.08, -0.23, 0.46)(-0.10, -0.22, 0.43)(-0.11, -0.21, 0.48)(-0.11, -0.23, 0.49)(-0.10, -0.24, 0.48)(-0.09, -0.23, 0.47)
(-0.17, -0.23, 0.42)(-0.17, -0.23, 0.47)(-0.14, -0.24, 0.44)(-0.11, -0.24, 0.47)(-0.09, -0.24, 0.49)(-0.07, -0.25, 0.50)(-0.16, -0.24, 0.44)(-0.14, -0.22, 0.50)(-0.14, -0.25, 0.52)(-0.14, -0.26, 0.50)(-0.14, -0.25, 0.48)(-0.16, -0.24, 0.44)(-0.16, -0.22, 0.50)(-0.16, -0.26, 0.52)(-0.16, -0.26, 0.49)(-0.16, -0.25, 0.48)(-0.17, -0.23, 0.44)(-0.18, -0.23, 0.49)(-0.18, -0.26, 0.51)(-0.17, -0.26, 0.49)(-0.17, -0.25, 0.48)(-0.18, -0.24, 0.44)(-0.20, -0.23, 0.49)(-0.20, -0.25, 0.50)(-0.19, -0.26, 0.49)(-0.18, -0.25, 0.48)
(-0.21, -0.24, 0.42)(-0.22, -0.23, 0.47)(-0.19, -0.24, 0.45)(-0.16, -0.25, 0.48)(-0.14, -0.25, 0.50)(-0.13, -0.25, 0.52)(-0.20, -0.24, 0.45)(-0.19, -0.23, 0.50)(-0.19, -0.26, 0.52)(-0.20, -0.26, 0.50)(-0.19, -0.26, 0.49)(-0.21, -0.24, 0.44)(-0.21, -0.22, 0.50)(-0.22, -0.26, 0.52)(-0.21, -0.27, 0.49)(-0.20, -0.26, 0.48)(-0.22, -0.24, 0.44)(-0.23, -0.23, 0.49)(-0.23, -0.26, 0.51)(-0.22, -0.27, 0.49)(-0.21, -0.26, 0.48)(-0.23, -0.24, 0.44)(-0.25, -0.24, 0.49)(-0.25, -0.26, 0.50)(-0.24, -0.27, 0.48)(-0.23, -0.26, 0.48)
(-0.20, -0.23, 0.42)(-0.22, -0.23, 0.47)(-0.19, -0.24, 0.44)(-0.16, -0.24, 0.48)(-0.14, -0.24, 0.50)(-0.13, -0.25, 0.52)(-0.20, -0.24, 0.44)(-0.19, -0.22, 0.50)(-0.19, -0.25, 0.52)(-0.19, -0.26, 0.50)(-0.19, -0.25, 0.48)(-0.20, -0.24, 0.44)(-0.21, -0.22, 0.50)(-0.21, -0.26, 0.51)(-0.20, -0.26, 0.49)(-0.20, -0.25, 0.48)(-0.22, -0.24, 0.44)(-0.23, -0.23, 0.49)(-0.23, -0.26, 0.50)(-0.22, -0.26, 0.49)(-0.21, -0.25, 0.47)(-0.22, -0.24, 0.44)(-0.25, -0.24, 0.48)(-0.25, -0.26, 0.49)(-0.24, -0.26, 0.48)(-0.22, -0.26, 0.47)
(-0.13, -0.22, 0.41)(-0.14, -0.22, 0.46)(-0.11, -0.23, 0.43)(-0.08, -0.23, 0.46)(-0.06, -0.23, 0.49)(-0.04, -0.23, 0.50)(-0.12, -0.22, 0.43)(-0.11, -0.21, 0.49)(-0.11, -0.24, 0.51)(-0.11, -0.25, 0.49)(-0.11, -0.24, 0.47)(-0.13, -0.22, 0.43)(-0.13, -0.21, 0.49)(-0.13, -0.24, 0.51)(-0.13, -0.25, 0.48)(-0.12, -0.24, 0.47)(-0.14, -0.22, 0.43)(-0.15, -0.22, 0.48)(-0.15, -0.25, 0.50)(-0.14, -0.25, 0.48)(-0.13, -0.24, 0.47)(-0.15, -0.23, 0.43)(-0.17, -0.22, 0.48)(-0.17, -0.24, 0.49)(-0.16, -0.25, 0.48)(-0.15, -0.24, 0.47)
(-0.08, -0.22, 0.40)(-0.08, -0.20, 0.45)(-0.05, -0.22, 0.42)(-0.02, -0.22, 0.44)(0.00, -0.22, 0.46)(0.02, -0.22, 0.47)(-0.07, -0.22, 0.42)(-0.05, -0.20, 0.47)(-0.04, -0.22, 0.49)(-0.05, -0.23, 0.47)(-0.05, -0.23, 0.46)(-0.07, -0.21, 0.42)(-0.07, -0.19, 0.47)(-0.07, -0.23, 0.49)(-0.06, -0.24, 0.47)(-0.06, -0.23, 0.45)(-0.08, -0.21, 0.42)(-0.09, -0.20, 0.47)(-0.09, -0.23, 0.49)(-0.08, -0.24, 0.47)(-0.07, -0.23, 0.45)(-0.09, -0.22, 0.42)(-0.11, -0.21, 0.47)(-0.11, -0.23, 0.48)(-0.10, -0.23, 0.47)(-0.09, -0.23, 0.46)
(-0.08, -0.22, 0.39)(-0.08, -0.20, 0.44)(-0.06, -0.22, 0.41)(-0.02, -0.22, 0.43)(0.00, -0.21, 0.45)(0.02, -0.21, 0.45)(-0.07, -0.22, 0.41)(-0.05, -0.19, 0.46)(-0.04, -0.22, 0.48)(-0.05, -0.23, 0.46)(-0.05, -0.23, 0.45)(-0.08, -0.22, 0.41)(-0.07, -0.19, 0.46)(-0.06, -0.23, 0.48)(-0.06, -0.23, 0.46)(-0.06, -0.23, 0.44)(-0.09, -0.22, 0.41)(-0.09, -0.20, 0.46)(-0.08, -0.23, 0.48)(-0.08, -0.23, 0.46)(-0.07, -0.23, 0.44)(-0.10, -0.22, 0.41)(-0.10, -0.21, 0.46)(-0.10, -0.22, 0.47)(-0.09, -0.23, 0.46)(-0.09, -0.23, 0.45)
(-0.12, -0.22, 0.41)(-0.12, -0.21, 0.46)(-0.10, -0.22, 0.43)(-0.07, -0.22, 0.45)(-0.04, -0.22, 0.47)(-0.02, -0.22, 0.48)(-0.11, -0.22, 0.43)(-0.09, -0.20, 0.48)(-0.09, -0.23, 0.50)(-0.10, -0.24, 0.48)(-0.10, -0.23, 0.47)(-0.12, -0.22, 0.43)(-0.11, -0.20, 0.48)(-0.11, -0.23, 0.50)(-0.11, -0.24, 0.48)(-0.11, -0.23, 0.46)(-0.13, -0.22, 0.43)(-0.13, -0.21, 0.48)(-0.13, -0.24, 0.50)(-0.12, -0.24, 0.48)(-0.12, -0.23, 0.46)(-0.14, -0.22, 0.43)(-0.15, -0.21, 0.48)(-0.15, -0.23, 0.49)(-0.14, -0.24, 0.48)(-0.13, -0.24, 0.47)
(-0.19, -0.23, 0.43)(-0.20, -0.23, 0.47)(-0.18, -0.24, 0.45)(-0.15, -0.24, 0.48)(-0.13, -0.24, 0.50)(-0.11, -0.24, 0.52)(-0.19, -0.23, 0.45)(-0.18, -0.22, 0.51)(-0.18, -0.25, 0.52)(-0.18, -0.26, 0.50)(-0.18, -0.25, 0.49)(-0.19, -0.23, 0.45)(-0.20, -0.22, 0.50)(-0.20, -0.25, 0.52)(-0.19, -0.26, 0.49)(-0.19, -0.25, 0.48)(-0.21, -0.23, 0.44)(-0.22, -0.22, 0.49)(-0.22, -0.26, 0.51)(-0.21, -0.26, 0.49)(-0.20, -0.25, 0.48)(-0.21, -0.24, 0.44)(-0.24, -0.23, 0.49)(-0.24, -0.25, 0.50)(-0.23, -0.26, 0.49)(-0.22, -0.25, 0.48)
(-0.24, -0.24, 0.43)(-0.26, -0.23, 0.47)(-0.23, -0.24, 0.45)(-0.20, -0.24, 0.49)(-0.18, -0.25, 0.51)(-0.17, -0.25, 0.53)(-0.24, -0.24, 0.45)(-0.24, -0.23, 0.51)(-0.24, -0.26, 0.53)(-0.24, -0.26, 0.51)(-0.23, -0.26, 0.49)(-0.24, -0.24, 0.45)(-0.26, -0.22, 0.50)(-0.26, -0.26, 0.52)(-0.25, -0.27, 0.50)(-0.24, -0.25, 0.48)(-0.25, -0.24, 0.45)(-0.27, -0.23, 0.49)(-0.28, -0.26, 0.51)(-0.26, -0.27, 0.49)(-0.25, -0.25, 0.48)(-0.26, -0.24, 0.44)(-0.29, -0.24, 0.49)(-0.29, -0.26, 0.50)(-0.28, -0.26, 0.49)(-0.27, -0.26, 0.48)
(-0.23, -0.23, 0.43)(-0.24, -0.23, 0.48)(-0.21, -0.24, 0.45)(-0.19, -0.24, 0.49)(-0.17, -0.25, 0.52)(-0.16, -0.25, 0.53)(-0.22, -0.23, 0.45)(-0.22, -0.22, 0.51)(-0.23, -0.25, 0.53)(-0.22, -0.26, 0.51)(-0.22, -0.25, 0.49)(-0.23, -0.23, 0.45)(-0.24, -0.22, 0.50)(-0.25, -0.26, 0.52)(-0.24, -0.26, 0.50)(-0.23, -0.25, 0.49)(-0.24, -0.23, 0.45)(-0.26, -0.23, 0.49)(-0.26, -0.26, 0.51)(-0.25, -0.26, 0.49)(-0.24, -0.25, 0.48)(-0.25, -0.24, 0.44)(-0.28, -0.23, 0.49)(-0.28, -0.25, 0.50)(-0.27, -0.26, 0.49)(-0.25, -0.25, 0.48)
(-0.05, -0.23, 0.41)(-0.05, -0.22, 0.45)(-0.03, -0.23, 0.42)(0.00, -0.24, 0.45)(0.02, -0.24, 0.48)(0.04, -0.25, 0.48)(-0.04, -0.23, 0.43)(-0.02, -0.22, 0.48)(-0.02, -0.24, 0.50)(-0.03, -0.25, 0.48)(-0.03, -0.25, 0.46)(-0.05, -0.23, 0.43)(-0.04, -0.21, 0.48)(-0.05, -0.25, 0.50)(-0.04, -0.26, 0.47)(-0.04, -0.24, 0.46)(-0.06, -0.23, 0.43)(-0.06, -0.22, 0.48)(-0.07, -0.25, 0.50)(-0.06, -0.25, 0.47)(-0.05, -0.24, 0.46)(-0.07, -0.23, 0.42)(-0.08, -0.22, 0.47)(-0.08, -0.24, 0.49)(-0.08, -0.25, 0.47)(-0.07, -0.24, 0.46)
(0.00, -0.23, 0.39)(0.00, -0.22, 0.43)(0.02, -0.24, 0.40)(0.05, -0.24, 0.43)(0.07, -0.24, 0.45)(0.09, -0.25, 0.46)(0.01, -0.23, 0.41)(0.03, -0.22, 0.46)(0.03, -0.24, 0.48)(0.02, -0.25, 0.46)(0.02, -0.25, 0.44)(0.00, -0.23, 0.41)(0.01, -0.21, 0.46)(0.01, -0.25, 0.48)(0.01, -0.25, 0.45)(0.01, -0.24, 0.44)(-0.01, -0.23, 0.41)(-0.01, -0.22, 0.46)(-0.01, -0.25, 0.48)(-0.01, -0.25, 0.46)(0.00, -0.24, 0.44)(-0.02, -0.23, 0.41)(-0.03, -0.22, 0.46)(-0.03, -0.24, 0.47)(-0.02, -0.25, 0.45)(-0.01, -0.24, 0.44)
(-0.03, -0.23, 0.38)(-0.02, -0.22, 0.43)(0.00, -0.24, 0.40)(0.03, -0.24, 0.42)(0.06, -0.24, 0.44)(0.08, -0.25, 0.45)(-0.01, -0.23, 0.40)(0.01, -0.22, 0.45)(0.02, -0.24, 0.47)(0.01, -0.25, 0.46)(0.00, -0.25, 0.44)(-0.02, -0.23, 0.40)(-0.01, -0.21, 0.45)(-0.01, -0.24, 0.48)(-0.01, -0.25, 0.45)(-0.01, -0.24, 0.44)(-0.03, -0.23, 0.40)(-0.03, -0.21, 0.45)(-0.03, -0.24, 0.48)(-0.02, -0.25, 0.46)(-0.02, -0.24, 0.44)(-0.04, -0.23, 0.40)(-0.05, -0.22, 0.46)(-0.05, -0.23, 0.47)(-0.04, -0.25, 0.46)(-0.03, -0.24, 0.44)
(-0.09, -0.23, 0.41)(-0.09, -0.22, 0.46)(-0.07, -0.24, 0.43)(-0.04, -0.24, 0.45)(-0.01, -0.24, 0.47)(0.00, -0.24, 0.48)(-0.08, -0.23, 0.43)(-0.06, -0.21, 0.48)(-0.06, -0.24, 0.50)(-0.07, -0.25, 0.48)(-0.07, -0.24, 0.47)(-0.09, -0.23, 0.43)(-0.08, -0.21, 0.48)(-0.08, -0.24, 0.51)(-0.08, -0.25, 0.48)(-0.08, -0.24, 0.47)(-0.10, -0.23, 0.43)(-0.10, -0.21, 0.48)(-0.10, -0.24, 0.50)(-0.10, -0.25, 0.48)(-0.09, -0.24, 0.47)(-0.11, -0.23, 0.43)(-0.12, -0.22, 0.48)(-0.12, -0.23, 0.50)(-0.11, -0.25, 0.48)(-0.11, -0.24, 0.47)
(-0.17, -0.23, 0.43)(-0.18, -0.22, 0.47)(-0.15, -0.23, 0.45)(-0.12, -0.24, 0.48)(-0.10, -0.24, 0.50)(-0.09, -0.24, 0.51)(-0.16, -0.23, 0.45)(-0.15, -0.22, 0.51)(-0.16, -0.25, 0.52)(-0.16, -0.25, 0.50)(-0.16, -0.25, 0.49)(-0.17, -0.23, 0.45)(-0.17, -0.21, 0.50)(-0.18, -0.25, 0.52)(-0.17, -0.26, 0.49)(-0.17, -0.24, 0.48)(-0.18, -0.23, 0.44)(-0.19, -0.22, 0.49)(-0.20, -0.25, 0.51)(-0.19, -0.25, 0.49)(-0.18, -0.24, 0.48)(-0.19, -0.23, 0.44)(-0.21, -0.22, 0.49)(-0.21, -0.24, 0.50)(-0.20, -0.25, 0.49)(-0.19, -0.24, 0.48)
(-0.16, -0.22, 0.42)(-0.17, -0.22, 0.47)(-0.15, -0.23, 0.44)(-0.12, -0.23, 0.47)(-0.10, -0.23, 0.50)(-0.08, -0.24, 0.51)(-0.16, -0.23, 0.44)(-0.15, -0.21, 0.50)(-0.15, -0.24, 0.52)(-0.15, -0.25, 0.50)(-0.15, -0.24, 0.48)(-0.16, -0.23, 0.44)(-0.17, -0.21, 0.49)(-0.17, -0.25, 0.51)(-0.17, -0.25, 0.49)(-0.16, -0.24, 0.47)(-0.18, -0.22, 0.44)(-0.19, -0.21, 0.49)(-0.19, -0.25, 0.50)(-0.18, -0.25, 0.49)(-0.17, -0.24, 0.47)(-0.18, -0.23, 0.43)(-0.21, -0.22, 0.48)(-0.21, -0.24, 0.49)(-0.20, -0.25, 0.48)(-0.19, -0.24, 0.47)
(-0.08, -0.22, 0.40)(-0.09, -0.21, 0.45)(-0.06, -0.23, 0.42)(-0.03, -0.23, 0.45)(-0.01, -0.23, 0.47)(0.01, -0.23, 0.48)(-0.07, -0.22, 0.42)(-0.06, -0.21, 0.48)(-0.06, -0.24, 0.50)(-0.06, -0.25, 0.47)(-0.06, -0.24, 0.46)(-0.08, -0.22, 0.42)(-0.08, -0.20, 0.47)(-0.08, -0.24, 0.49)(-0.08, -0.25, 0.47)(-0.07, -0.24, 0.46)(-0.09, -0.22, 0.42)(-0.10, -0.21, 0.47)(-0.10, -0.24, 0.49)(-0.09, -0.25, 0.47)(-0.08, -0.24, 0.45)(-0.10, -0.22, 0.42)(-0.12, -0.22, 0.47)(-0.12, -0.23, 0.48)(-0.11, -0.24, 0.47)(-0.10, -0.24, 0.46)
(-0.07, -0.23, 0.38)(-0.06, -0.21, 0.42)(-0.04, -0.23, 0.39)(-0.01, -0.23, 0.41)(0.02, -0.23, 0.43)(0.04, -0.23, 0.44)(-0.05, -0.23, 0.40)(-0.03, -0.21, 0.45)(-0.02, -0.23, 0.47)(-0.03, -0.24, 0.45)(-0.04, -0.24, 0.43)(-0.06, -0.23, 0.40)(-0.05, -0.20, 0.45)(-0.05, -0.24, 0.47)(-0.05, -0.25, 0.45)(-0.05, -0.24, 0.43)(-0.07, -0.22, 0.40)(-0.07, -0.21, 0.45)(-0.07, -0.24, 0.47)(-0.06, -0.24, 0.45)(-0.06, -0.24, 0.43)(-0.08, -0.23, 0.40)(-0.09, -0.21, 0.45)(-0.09, -0.23, 0.46)(-0.08, -0.24, 0.45)(-0.07, -0.24, 0.44)
(-0.13, -0.24, 0.41)(-0.12, -0.22, 0.45)(-0.10, -0.24, 0.42)(-0.07, -0.24, 0.45)(-0.04, -0.24, 0.47)(-0.03, -0.24, 0.48)(-0.11, -0.24, 0.43)(-0.09, -0.22, 0.48)(-0.09, -0.24, 0.50)(-0.10, -0.25, 0.48)(-0.10, -0.25, 0.46)(-0.12, -0.23, 0.43)(-0.11, -0.21, 0.48)(-0.11, -0.25, 0.50)(-0.11, -0.26, 0.48)(-0.11, -0.25, 0.46)(-0.13, -0.23, 0.43)(-0.13, -0.22, 0.48)(-0.13, -0.25, 0.50)(-0.13, -0.25, 0.48)(-0.12, -0.25, 0.46)(-0.14, -0.23, 0.43)(-0.15, -0.22, 0.48)(-0.15, -0.24, 0.49)(-0.15, -0.25, 0.48)(-0.14, -0.25, 0.47)
(-0.19, -0.24, 0.43)(-0.20, -0.23, 0.48)(-0.17, -0.24, 0.45)(-0.14, -0.25, 0.49)(-0.12, -0.25, 0.51)(-0.11, -0.25, 0.52)(-0.18, -0.24, 0.45)(-0.17, -0.22, 0.51)(-0.18, -0.25, 0.53)(-0.18, -0.26, 0.51)(-0.18, -0.25, 0.49)(-0.19, -0.24, 0.45)(-0.19, -0.22, 0.50)(-0.20, -0.26, 0.52)(-0.19, -0.26, 0.50)(-0.19, -0.25, 0.49)(-0.20, -0.24, 0.45)(-0.21, -0.23, 0.50)(-0.22, -0.26, 0.52)(-0.21, -0.26, 0.50)(-0.20, -0.25, 0.48)(-0.21, -0.24, 0.44)(-0.23, -0.23, 0.49)(-0.24, -0.25, 0.50)(-0.22, -0.26, 0.49)(-0.21, -0.25, 0.48)
(-0.19, -0.24, 0.43)(-0.20, -0.23, 0.48)(-0.17, -0.24, 0.45)(-0.14, -0.25, 0.49)(-0.12, -0.25, 0.51)(-0.11, -0.25, 0.52)(-0.18, -0.24, 0.45)(-0.17, -0.22, 0.51)(-0.18, -0.25, 0.53)(-0.18, -0.26, 0.51)(-0.18, -0.25, 0.49)(-0.19, -0.24, 0.45)(-0.19, -0.22, 0.50)(-0.20, -0.26, 0.52)(-0.19, -0.26, 0.50)(-0.19, -0.25, 0.49)(-0.20, -0.24, 0.45)(-0.21, -0.23, 0.50)(-0.22, -0.26, 0.52)(-0.21, -0.26, 0.50)(-0.20, -0.25, 0.48)(-0.21, -0.24, 0.44)(-0.23, -0.23, 0.49)(-0.24, -0.25, 0.50)(-0.22, -0.26, 0.49)(-0.21, -0.25, 0.48)
(-0.13, -0.24, 0.42)(-0.13, -0.22, 0.47)(-0.11, -0.24, 0.44)(-0.08, -0.24, 0.47)(-0.06, -0.24, 0.50)(-0.04, -0.24, 0.51)(-0.12, -0.24, 0.44)(-0.11, -0.22, 0.50)(-0.11, -0.24, 0.52)(-0.11, -0.25, 0.50)(-0.11, -0.25, 0.48)(-0.13, -0.23, 0.44)(-0.13, -0.21, 0.49)(-0.13, -0.25, 0.52)(-0.13, -0.26, 0.49)(-0.12, -0.25, 0.48)(-0.14, -0.23, 0.44)(-0.15, -0.22, 0.49)(-0.15, -0.25, 0.51)(-0.14, -0.26, 0.49)(-0.13, -0.25, 0.48)(-0.15, -0.24, 0.44)(-0.17, -0.23, 0.48)(-0.17, -0.24, 0.50)(-0.16, -0.25, 0.49)(-0.15, -0.25, 0.48)
(-0.05, -0.23, 0.40)(-0.04, -0.21, 0.45)(-0.02, -0.23, 0.42)(0.01, -0.23, 0.44)(0.04, -0.23, 0.46)(0.05, -0.23, 0.47)(-0.03, -0.23, 0.42)(-0.01, -0.20, 0.47)(-0.01, -0.23, 0.49)(-0.02, -0.24, 0.47)(-0.02, -0.24, 0.45)(-0.04, -0.23, 0.42)(-0.03, -0.20, 0.47)(-0.03, -0.24, 0.49)(-0.03, -0.24, 0.47)(-0.03, -0.24, 0.45)(-0.05, -0.22, 0.42)(-0.05, -0.21, 0.47)(-0.05, -0.24, 0.49)(-0.04, -0.24, 0.47)(-0.04, -0.23, 0.45)(-0.06, -0.23, 0.42)(-0.07, -0.21, 0.47)(-0.07, -0.23, 0.48)(-0.06, -0.24, 0.47)(-0.05, -0.24, 0.46)
(-0.14, -0.22, 0.41)(-0.14, -0.21, 0.46)(-0.12, -0.23, 0.43)(-0.08, -0.23, 0.45)(-0.06, -0.23, 0.47)(-0.04, -0.23, 0.48)(-0.13, -0.22, 0.43)(-0.11, -0.20, 0.48)(-0.11, -0.23, 0.50)(-0.11, -0.24, 0.48)(-0.12, -0.23, 0.47)(-0.14, -0.22, 0.43)(-0.13, -0.20, 0.48)(-0.13, -0.24, 0.50)(-0.13, -0.24, 0.48)(-0.13, -0.23, 0.46)(-0.15, -0.22, 0.43)(-0.15, -0.21, 0.48)(-0.15, -0.24, 0.50)(-0.14, -0.24, 0.48)(-0.14, -0.23, 0.46)(-0.16, -0.22, 0.43)(-0.17, -0.21, 0.48)(-0.17, -0.23, 0.49)(-0.16, -0.24, 0.48)(-0.15, -0.24, 0.47)
(-0.21, -0.22, 0.42)(-0.21, -0.21, 0.47)(-0.19, -0.23, 0.44)(-0.16, -0.22, 0.47)(-0.13, -0.23, 0.49)(-0.12, -0.23, 0.50)(-0.20, -0.22, 0.44)(-0.19, -0.20, 0.50)(-0.19, -0.23, 0.52)(-0.19, -0.24, 0.50)(-0.19, -0.23, 0.48)(-0.21, -0.22, 0.44)(-0.21, -0.20, 0.50)(-0.21, -0.24, 0.52)(-0.20, -0.25, 0.49)(-0.20, -0.23, 0.48)(-0.22, -0.22, 0.44)(-0.23, -0.21, 0.49)(-0.23, -0.24, 0.51)(-0.22, -0.25, 0.49)(-0.21, -0.23, 0.48)(-0.23, -0.22, 0.44)(-0.24, -0.22, 0.49)(-0.25, -0.24, 0.50)(-0.24, -0.24, 0.49)(-0.23, -0.24, 0.48)
(-0.21, -0.23, 0.42)(-0.22, -0.22, 0.47)(-0.19, -0.23, 0.44)(-0.16, -0.23, 0.47)(-0.14, -0.23, 0.50)(-0.13, -0.23, 0.51)(-0.20, -0.23, 0.44)(-0.20, -0.21, 0.50)(-0.19, -0.24, 0.52)(-0.20, -0.25, 0.50)(-0.20, -0.24, 0.48)(-0.21, -0.23, 0.44)(-0.22, -0.21, 0.49)(-0.22, -0.25, 0.51)(-0.21, -0.26, 0.49)(-0.21, -0.24, 0.48)(-0.22, -0.23, 0.44)(-0.23, -0.22, 0.49)(-0.23, -0.25, 0.51)(-0.22, -0.26, 0.49)(-0.22, -0.24, 0.47)(-0.23, -0.23, 0.43)(-0.25, -0.23, 0.48)(-0.25, -0.25, 0.49)(-0.24, -0.26, 0.48)(-0.23, -0.25, 0.47)
(-0.19, -0.23, 0.42)(-0.20, -0.22, 0.46)(-0.17, -0.23, 0.44)(-0.14, -0.23, 0.47)(-0.12, -0.24, 0.49)(-0.11, -0.24, 0.51)(-0.18, -0.23, 0.44)(-0.17, -0.21, 0.50)(-0.17, -0.24, 0.51)(-0.18, -0.25, 0.49)(-0.17, -0.24, 0.48)(-0.19, -0.23, 0.44)(-0.20, -0.21, 0.49)(-0.19, -0.25, 0.51)(-0.19, -0.26, 0.49)(-0.18, -0.24, 0.47)(-0.20, -0.23, 0.43)(-0.21, -0.22, 0.48)(-0.21, -0.25, 0.50)(-0.20, -0.26, 0.49)(-0.20, -0.24, 0.47)(-0.21, -0.23, 0.43)(-0.23, -0.23, 0.48)(-0.23, -0.25, 0.49)(-0.22, -0.25, 0.48)(-0.21, -0.25, 0.47)
(-0.10, -0.23, 0.41)(-0.11, -0.21, 0.46)(-0.08, -0.23, 0.43)(-0.05, -0.23, 0.46)(-0.03, -0.24, 0.48)(-0.01, -0.24, 0.49)(-0.09, -0.23, 0.43)(-0.08, -0.21, 0.48)(-0.08, -0.24, 0.50)(-0.08, -0.25, 0.48)(-0.08, -0.24, 0.47)(-0.10, -0.22, 0.43)(-0.10, -0.20, 0.48)(-0.10, -0.24, 0.50)(-0.10, -0.25, 0.48)(-0.09, -0.24, 0.46)(-0.11, -0.22, 0.43)(-0.12, -0.21, 0.48)(-0.12, -0.24, 0.50)(-0.11, -0.25, 0.48)(-0.10, -0.24, 0.46)(-0.12, -0.22, 0.43)(-0.14, -0.22, 0.47)(-0.14, -0.23, 0.49)(-0.13, -0.24, 0.47)(-0.12, -0.24, 0.46)
(-0.05, -0.23, 0.40)(-0.05, -0.21, 0.44)(-0.03, -0.23, 0.41)(0.01, -0.24, 0.43)(0.03, -0.24, 0.45)(0.05, -0.25, 0.46)(-0.04, -0.23, 0.41)(-0.01, -0.21, 0.47)(-0.01, -0.24, 0.49)(-0.02, -0.25, 0.47)(-0.02, -0.24, 0.45)(-0.05, -0.22, 0.41)(-0.03, -0.20, 0.47)(-0.03, -0.24, 0.49)(-0.04, -0.25, 0.46)(-0.04, -0.24, 0.45)(-0.06, -0.22, 0.42)(-0.05, -0.21, 0.46)(-0.05, -0.24, 0.49)(-0.05, -0.24, 0.47)(-0.05, -0.24, 0.45)(-0.07, -0.22, 0.42)(-0.07, -0.21, 0.47)(-0.07, -0.23, 0.48)(-0.07, -0.24, 0.47)(-0.06, -0.24, 0.45)
(-0.04, -0.22, 0.40)(-0.04, -0.21, 0.44)(-0.02, -0.23, 0.41)(0.02, -0.23, 0.43)(0.04, -0.24, 0.45)(0.06, -0.24, 0.46)(-0.03, -0.22, 0.42)(0.00, -0.21, 0.47)(0.00, -0.23, 0.49)(-0.01, -0.24, 0.47)(-0.02, -0.24, 0.45)(-0.04, -0.22, 0.42)(-0.02, -0.20, 0.47)(-0.02, -0.23, 0.49)(-0.03, -0.24, 0.46)(-0.03, -0.23, 0.45)(-0.05, -0.22, 0.42)(-0.04, -0.20, 0.47)(-0.04, -0.23, 0.49)(-0.04, -0.24, 0.47)(-0.04, -0.23, 0.45)(-0.06, -0.22, 0.42)(-0.06, -0.21, 0.47)(-0.06, -0.22, 0.48)(-0.06, -0.23, 0.47)(-0.05, -0.23, 0.46)
(-0.12, -0.22, 0.42)(-0.12, -0.21, 0.46)(-0.09, -0.23, 0.43)(-0.06, -0.23, 0.46)(-0.04, -0.24, 0.48)(-0.02, -0.24, 0.49)(-0.10, -0.23, 0.44)(-0.08, -0.21, 0.49)(-0.08, -0.24, 0.51)(-0.09, -0.25, 0.49)(-0.09, -0.24, 0.47)(-0.11, -0.22, 0.44)(-0.11, -0.21, 0.49)(-0.11, -0.24, 0.51)(-0.11, -0.25, 0.48)(-0.10, -0.24, 0.47)(-0.12, -0.22, 0.44)(-0.12, -0.21, 0.49)(-0.13, -0.24, 0.51)(-0.12, -0.25, 0.49)(-0.11, -0.24, 0.47)(-0.13, -0.22, 0.44)(-0.14, -0.22, 0.49)(-0.15, -0.23, 0.50)(-0.14, -0.24, 0.48)(-0.13, -0.24, 0.47)
(-0.16, -0.23, 0.43)(-0.17, -0.23, 0.48)(-0.14, -0.24, 0.45)(-0.11, -0.24, 0.48)(-0.09, -0.25, 0.50)(-0.07, -0.25, 0.51)(-0.15, -0.24, 0.45)(-0.14, -0.22, 0.51)(-0.14, -0.25, 0.52)(-0.14, -0.26, 0.50)(-0.14, -0.25, 0.49)(-0.16, -0.23, 0.45)(-0.16, -0.22, 0.50)(-0.16, -0.26, 0.52)(-0.16, -0.26, 0.50)(-0.15, -0.25, 0.48)(-0.17, -0.23, 0.45)(-0.18, -0.22, 0.50)(-0.18, -0.26, 0.52)(-0.17, -0.26, 0.50)(-0.16, -0.25, 0.48)(-0.18, -0.24, 0.45)(-0.20, -0.23, 0.49)(-0.20, -0.25, 0.51)(-0.19, -0.26, 0.49)(-0.18, -0.25, 0.48)
(-0.17, -0.23, 0.43)(-0.18, -0.23, 0.48)(-0.15, -0.24, 0.45)(-0.12, -0.24, 0.48)(-0.10, -0.25, 0.51)(-0.08, -0.25, 0.52)(-0.16, -0.24, 0.45)(-0.15, -0.22, 0.51)(-0.15, -0.25, 0.53)(-0.15, -0.26, 0.51)(-0.15, -0.25, 0.49)(-0.17, -0.23, 0.45)(-0.17, -0.22, 0.51)(-0.17, -0.26, 0.53)(-0.17, -0.26, 0.50)(-0.16, -0.25, 0.49)(-0.18, -0.23, 0.45)(-0.19, -0.23, 0.50)(-0.19, -0.26, 0.52)(-0.18, -0.26, 0.50)(-0.17, -0.25, 0.48)(-0.19, -0.24, 0.45)(-0.21, -0.24, 0.50)(-0.21, -0.25, 0.51)(-0.20, -0.26, 0.49)(-0.19, -0.26, 0.49)
(-0.03, -0.22, 0.39)(-0.03, -0.21, 0.44)(-0.01, -0.22, 0.41)(0.02, -0.23, 0.43)(0.05, -0.23, 0.45)(0.07, -0.23, 0.46)(-0.02, -0.22, 0.41)(0.00, -0.20, 0.46)(0.00, -0.23, 0.48)(0.00, -0.24, 0.46)(-0.01, -0.23, 0.45)(-0.03, -0.22, 0.41)(-0.02, -0.20, 0.46)(-0.02, -0.24, 0.49)(-0.02, -0.24, 0.46)(-0.02, -0.23, 0.45)(-0.04, -0.22, 0.41)(-0.04, -0.21, 0.46)(-0.04, -0.24, 0.48)(-0.03, -0.24, 0.46)(-0.03, -0.23, 0.45)(-0.05, -0.22, 0.41)(-0.06, -0.21, 0.46)(-0.06, -0.23, 0.48)(-0.05, -0.24, 0.46)(-0.04, -0.23, 0.45)
(-0.03, -0.22, 0.39)(-0.03, -0.21, 0.44)(-0.01, -0.22, 0.41)(0.03, -0.22, 0.43)(0.05, -0.23, 0.45)(0.07, -0.23, 0.45)(-0.02, -0.22, 0.41)(0.01, -0.20, 0.46)(0.01, -0.23, 0.48)(0.00, -0.24, 0.46)(0.00, -0.23, 0.44)(-0.03, -0.22, 0.41)(-0.01, -0.20, 0.46)(-0.01, -0.23, 0.48)(-0.01, -0.24, 0.46)(-0.01, -0.23, 0.44)(-0.04, -0.21, 0.41)(-0.03, -0.20, 0.46)(-0.03, -0.23, 0.48)(-0.03, -0.24, 0.46)(-0.02, -0.23, 0.44)(-0.05, -0.21, 0.41)(-0.05, -0.21, 0.46)(-0.05, -0.22, 0.48)(-0.05, -0.23, 0.46)(-0.04, -0.23, 0.45)
(-0.10, -0.22, 0.41)(-0.10, -0.21, 0.45)(-0.08, -0.22, 0.42)(-0.04, -0.23, 0.44)(-0.02, -0.23, 0.46)(0.00, -0.23, 0.47)(-0.09, -0.22, 0.42)(-0.07, -0.20, 0.48)(-0.07, -0.23, 0.50)(-0.07, -0.24, 0.48)(-0.08, -0.24, 0.46)(-0.10, -0.22, 0.43)(-0.09, -0.20, 0.48)(-0.09, -0.24, 0.50)(-0.09, -0.24, 0.47)(-0.09, -0.23, 0.46)(-0.11, -0.22, 0.43)(-0.11, -0.21, 0.48)(-0.11, -0.24, 0.50)(-0.10, -0.24, 0.48)(-0.10, -0.23, 0.46)(-0.12, -0.22, 0.43)(-0.13, -0.21, 0.48)(-0.13, -0.23, 0.49)(-0.12, -0.24, 0.48)(-0.11, -0.24, 0.46)
(-0.18, -0.23, 0.42)(-0.18, -0.22, 0.47)(-0.16, -0.23, 0.44)(-0.13, -0.24, 0.47)(-0.10, -0.24, 0.49)(-0.09, -0.24, 0.50)(-0.17, -0.23, 0.44)(-0.15, -0.22, 0.50)(-0.15, -0.25, 0.51)(-0.16, -0.25, 0.49)(-0.16, -0.25, 0.48)(-0.18, -0.23, 0.44)(-0.18, -0.21, 0.49)(-0.18, -0.25, 0.51)(-0.17, -0.26, 0.49)(-0.17, -0.25, 0.47)(-0.19, -0.23, 0.44)(-0.19, -0.22, 0.49)(-0.20, -0.25, 0.51)(-0.19, -0.26, 0.49)(-0.18, -0.25, 0.47)(-0.20, -0.23, 0.44)(-0.21, -0.23, 0.49)(-0.22, -0.24, 0.50)(-0.21, -0.25, 0.49)(-0.20, -0.25, 0.48)
(-0.21, -0.23, 0.42)(-0.22, -0.23, 0.47)(-0.19, -0.24, 0.44)(-0.16, -0.24, 0.48)(-0.15, -0.24, 0.50)(-0.13, -0.24, 0.51)(-0.20, -0.23, 0.44)(-0.20, -0.22, 0.50)(-0.20, -0.25, 0.52)(-0.20, -0.26, 0.50)(-0.20, -0.25, 0.48)(-0.21, -0.23, 0.44)(-0.22, -0.22, 0.50)(-0.22, -0.26, 0.51)(-0.21, -0.26, 0.49)(-0.21, -0.25, 0.48)(-0.22, -0.23, 0.44)(-0.24, -0.23, 0.49)(-0.24, -0.26, 0.51)(-0.23, -0.26, 0.49)(-0.22, -0.25, 0.47)(-0.23, -0.24, 0.44)(-0.25, -0.24, 0.48)(-0.26, -0.25, 0.49)(-0.24, -0.26, 0.48)(-0.23, -0.25, 0.47)
(-0.18, -0.23, 0.42)(-0.19, -0.22, 0.47)(-0.16, -0.23, 0.44)(-0.14, -0.23, 0.48)(-0.12, -0.24, 0.50)(-0.10, -0.24, 0.51)(-0.18, -0.23, 0.44)(-0.17, -0.22, 0.50)(-0.17, -0.25, 0.52)(-0.17, -0.25, 0.50)(-0.17, -0.24, 0.48)(-0.18, -0.23, 0.44)(-0.19, -0.21, 0.49)(-0.19, -0.25, 0.51)(-0.18, -0.26, 0.49)(-0.18, -0.24, 0.48)(-0.19, -0.23, 0.44)(-0.21, -0.22, 0.49)(-0.21, -0.25, 0.51)(-0.20, -0.26, 0.49)(-0.19, -0.25, 0.47)(-0.20, -0.23, 0.44)(-0.22, -0.23, 0.48)(-0.23, -0.25, 0.49)(-0.22, -0.25, 0.48)(-0.20, -0.25, 0.47)
(-0.11, -0.22, 0.41)(-0.12, -0.22, 0.46)(-0.09, -0.23, 0.43)(-0.06, -0.23, 0.46)(-0.04, -0.23, 0.48)(-0.02, -0.23, 0.49)(-0.10, -0.23, 0.43)(-0.09, -0.21, 0.49)(-0.09, -0.24, 0.51)(-0.09, -0.25, 0.49)(-0.09, -0.24, 0.47)(-0.11, -0.22, 0.43)(-0.11, -0.21, 0.48)(-0.11, -0.24, 0.51)(-0.11, -0.25, 0.48)(-0.10, -0.24, 0.47)(-0.12, -0.22, 0.43)(-0.13, -0.21, 0.48)(-0.13, -0.25, 0.50)(-0.12, -0.25, 0.48)(-0.11, -0.24, 0.46)(-0.13, -0.23, 0.43)(-0.15, -0.22, 0.48)(-0.15, -0.24, 0.49)(-0.14, -0.25, 0.48)(-0.13, -0.24, 0.47)
(-0.07, -0.22, 0.40)(-0.06, -0.21, 0.45)(-0.04, -0.22, 0.42)(-0.01, -0.23, 0.44)(0.02, -0.23, 0.46)(0.03, -0.23, 0.47)(-0.05, -0.22, 0.42)(-0.03, -0.21, 0.47)(-0.03, -0.24, 0.49)(-0.04, -0.24, 0.47)(-0.04, -0.24, 0.46)(-0.06, -0.22, 0.42)(-0.05, -0.20, 0.47)(-0.05, -0.24, 0.49)(-0.05, -0.24, 0.47)(-0.05, -0.23, 0.45)(-0.07, -0.22, 0.42)(-0.07, -0.21, 0.47)(-0.07, -0.24, 0.49)(-0.07, -0.24, 0.47)(-0.06, -0.23, 0.45)(-0.08, -0.22, 0.42)(-0.09, -0.21, 0.47)(-0.09, -0.23, 0.48)(-0.08, -0.24, 0.47)(-0.08, -0.24, 0.46)
(-0.14, -0.23, 0.42)(-0.14, -0.22, 0.46)(-0.12, -0.23, 0.43)(-0.08, -0.23, 0.46)(-0.06, -0.24, 0.48)(-0.04, -0.24, 0.48)(-0.13, -0.23, 0.44)(-0.11, -0.21, 0.49)(-0.11, -0.24, 0.51)(-0.12, -0.25, 0.49)(-0.12, -0.24, 0.47)(-0.14, -0.23, 0.43)(-0.13, -0.21, 0.49)(-0.13, -0.24, 0.51)(-0.13, -0.25, 0.48)(-0.13, -0.24, 0.47)(-0.15, -0.22, 0.44)(-0.15, -0.21, 0.48)(-0.15, -0.24, 0.50)(-0.15, -0.25, 0.48)(-0.14, -0.24, 0.47)(-0.16, -0.23, 0.43)(-0.17, -0.22, 0.48)(-0.17, -0.23, 0.50)(-0.16, -0.24, 0.48)(-0.15, -0.24, 0.47)
(-0.20, -0.23, 0.43)(-0.21, -0.22, 0.48)(-0.18, -0.24, 0.45)(-0.15, -0.24, 0.48)(-0.13, -0.24, 0.50)(-0.11, -0.24, 0.51)(-0.19, -0.23, 0.45)(-0.18, -0.22, 0.51)(-0.18, -0.25, 0.52)(-0.18, -0.25, 0.50)(-0.18, -0.25, 0.49)(-0.20, -0.23, 0.45)(-0.20, -0.21, 0.50)(-0.20, -0.25, 0.52)(-0.20, -0.25, 0.50)(-0.19, -0.24, 0.48)(-0.21, -0.23, 0.45)(-0.22, -0.22, 0.50)(-0.22, -0.25, 0.52)(-0.21, -0.25, 0.50)(-0.20, -0.24, 0.48)(-0.22, -0.23, 0.45)(-0.24, -0.22, 0.50)(-0.24, -0.24, 0.51)(-0.23, -0.25, 0.50)(-0.22, -0.24, 0.49)
(-0.22, -0.23, 0.43)(-0.23, -0.22, 0.48)(-0.20, -0.23, 0.45)(-0.17, -0.24, 0.49)(-0.16, -0.24, 0.51)(-0.14, -0.24, 0.52)(-0.21, -0.23, 0.45)(-0.21, -0.21, 0.51)(-0.21, -0.24, 0.53)(-0.21, -0.25, 0.51)(-0.21, -0.24, 0.49)(-0.22, -0.23, 0.45)(-0.23, -0.21, 0.50)(-0.23, -0.25, 0.52)(-0.23, -0.25, 0.50)(-0.22, -0.24, 0.49)(-0.23, -0.22, 0.45)(-0.25, -0.22, 0.50)(-0.25, -0.25, 0.51)(-0.24, -0.25, 0.50)(-0.23, -0.24, 0.48)(-0.24, -0.23, 0.44)(-0.26, -0.22, 0.49)(-0.27, -0.24, 0.50)(-0.26, -0.25, 0.49)(-0.25, -0.24, 0.48)
(-0.20, -0.23, 0.42)(-0.21, -0.22, 0.47)(-0.19, -0.23, 0.44)(-0.16, -0.24, 0.48)(-0.14, -0.24, 0.50)(-0.12, -0.24, 0.51)(-0.20, -0.23, 0.44)(-0.19, -0.21, 0.50)(-0.19, -0.24, 0.52)(-0.19, -0.25, 0.50)(-0.19, -0.24, 0.48)(-0.20, -0.23, 0.44)(-0.21, -0.21, 0.50)(-0.21, -0.25, 0.52)(-0.21, -0.25, 0.49)(-0.20, -0.24, 0.48)(-0.21, -0.23, 0.44)(-0.23, -0.22, 0.49)(-0.23, -0.25, 0.51)(-0.22, -0.25, 0.49)(-0.21, -0.24, 0.48)(-0.22, -0.23, 0.44)(-0.25, -0.22, 0.48)(-0.25, -0.24, 0.49)(-0.24, -0.25, 0.48)(-0.23, -0.25, 0.48)
(-0.12, -0.23, 0.42)(-0.13, -0.22, 0.46)(-0.11, -0.23, 0.43)(-0.08, -0.24, 0.47)(-0.06, -0.24, 0.49)(-0.04, -0.24, 0.50)(-0.12, -0.23, 0.44)(-0.10, -0.21, 0.49)(-0.10, -0.24, 0.51)(-0.11, -0.25, 0.49)(-0.11, -0.24, 0.48)(-0.12, -0.23, 0.43)(-0.12, -0.21, 0.49)(-0.13, -0.25, 0.51)(-0.12, -0.25, 0.48)(-0.12, -0.24, 0.47)(-0.14, -0.23, 0.43)(-0.14, -0.22, 0.48)(-0.15, -0.25, 0.50)(-0.14, -0.25, 0.48)(-0.13, -0.24, 0.47)(-0.14, -0.23, 0.43)(-0.16, -0.22, 0.48)(-0.17, -0.24, 0.49)(-0.15, -0.25, 0.48)(-0.14, -0.24, 0.47)
(-0.07, -0.22, 0.41)(-0.07, -0.21, 0.45)(-0.05, -0.22, 0.42)(-0.01, -0.23, 0.44)(0.01, -0.23, 0.46)(0.03, -0.23, 0.47)(-0.06, -0.22, 0.42)(-0.04, -0.20, 0.48)(-0.03, -0.23, 0.49)(-0.04, -0.24, 0.47)(-0.05, -0.23, 0.46)(-0.07, -0.22, 0.42)(-0.06, -0.20, 0.47)(-0.06, -0.23, 0.50)(-0.06, -0.24, 0.47)(-0.06, -0.23, 0.46)(-0.08, -0.22, 0.42)(-0.08, -0.20, 0.47)(-0.08, -0.23, 0.49)(-0.07, -0.24, 0.47)(-0.07, -0.23, 0.46)(-0.09, -0.22, 0.43)(-0.10, -0.21, 0.47)(-0.10, -0.23, 0.49)(-0.09, -0.24, 0.47)(-0.08, -0.23, 0.46)
(-0.08, -0.21, 0.40)(-0.08, -0.19, 0.45)(-0.06, -0.21, 0.41)(-0.02, -0.21, 0.44)(0.00, -0.22, 0.45)(0.02, -0.22, 0.46)(-0.07, -0.21, 0.42)(-0.04, -0.19, 0.47)(-0.04, -0.22, 0.49)(-0.05, -0.23, 0.47)(-0.05, -0.22, 0.45)(-0.08, -0.21, 0.42)(-0.07, -0.18, 0.47)(-0.06, -0.22, 0.49)(-0.06, -0.23, 0.46)(-0.06, -0.22, 0.45)(-0.09, -0.20, 0.42)(-0.08, -0.19, 0.47)(-0.08, -0.22, 0.49)(-0.08, -0.23, 0.47)(-0.07, -0.22, 0.45)(-0.10, -0.21, 0.42)(-0.10, -0.20, 0.47)(-0.10, -0.21, 0.48)(-0.10, -0.22, 0.47)(-0.09, -0.22, 0.46)
(-0.16, -0.20, 0.41)(-0.16, -0.19, 0.45)(-0.14, -0.21, 0.43)(-0.10, -0.21, 0.45)(-0.08, -0.21, 0.47)(-0.06, -0.21, 0.48)(-0.15, -0.20, 0.43)(-0.13, -0.18, 0.48)(-0.13, -0.21, 0.50)(-0.13, -0.22, 0.48)(-0.14, -0.21, 0.47)(-0.16, -0.20, 0.43)(-0.15, -0.18, 0.48)(-0.15, -0.22, 0.50)(-0.15, -0.23, 0.48)(-0.15, -0.21, 0.46)(-0.17, -0.20, 0.43)(-0.17, -0.19, 0.48)(-0.17, -0.22, 0.50)(-0.16, -0.22, 0.48)(-0.16, -0.22, 0.46)(-0.18, -0.21, 0.43)(-0.19, -0.20, 0.47)(-0.19, -0.21, 0.49)(-0.18, -0.22, 0.48)(-0.17, -0.22, 0.46)
(-0.19, -0.21, 0.42)(-0.20, -0.20, 0.46)(-0.17, -0.21, 0.43)(-0.14, -0.21, 0.46)(-0.12, -0.21, 0.49)(-0.10, -0.21, 0.50)(-0.18, -0.21, 0.44)(-0.17, -0.19, 0.49)(-0.17, -0.22, 0.51)(-0.17, -0.23, 0.49)(-0.17, -0.22, 0.47)(-0.19, -0.21, 0.43)(-0.19, -0.19, 0.49)(-0.19, -0.22, 0.51)(-0.19, -0.23, 0.48)(-0.18, -0.22, 0.47)(-0.20, -0.21, 0.43)(-0.21, -0.19, 0.48)(-0.21, -0.23, 0.50)(-0.20, -0.23, 0.48)(-0.20, -0.22, 0.47)(-0.21, -0.21, 0.43)(-0.23, -0.20, 0.48)(-0.23, -0.22, 0.49)(-0.22, -0.23, 0.48)(-0.21, -0.22, 0.47)
(-0.18, -0.21, 0.42)(-0.19, -0.20, 0.46)(-0.16, -0.22, 0.44)(-0.13, -0.21, 0.47)(-0.11, -0.21, 0.49)(-0.09, -0.21, 0.50)(-0.17, -0.21, 0.44)(-0.16, -0.19, 0.49)(-0.16, -0.22, 0.51)(-0.16, -0.23, 0.49)(-0.16, -0.23, 0.48)(-0.18, -0.21, 0.44)(-0.18, -0.19, 0.49)(-0.18, -0.23, 0.51)(-0.18, -0.24, 0.48)(-0.17, -0.22, 0.47)(-0.19, -0.21, 0.44)(-0.20, -0.20, 0.48)(-0.20, -0.23, 0.50)(-0.19, -0.24, 0.48)(-0.19, -0.23, 0.47)(-0.20, -0.21, 0.43)(-0.22, -0.21, 0.48)(-0.22, -0.23, 0.49)(-0.21, -0.23, 0.48)(-0.20, -0.23, 0.47)
(-0.08, -0.23, 0.41)(-0.08, -0.22, 0.46)(-0.06, -0.23, 0.43)(-0.02, -0.23, 0.46)(0.00, -0.24, 0.48)(0.02, -0.24, 0.49)(-0.07, -0.23, 0.43)(-0.05, -0.21, 0.49)(-0.05, -0.24, 0.51)(-0.06, -0.25, 0.48)(-0.06, -0.24, 0.47)(-0.08, -0.23, 0.43)(-0.07, -0.21, 0.49)(-0.07, -0.25, 0.51)(-0.07, -0.25, 0.48)(-0.07, -0.24, 0.47)(-0.09, -0.23, 0.43)(-0.09, -0.22, 0.48)(-0.09, -0.25, 0.50)(-0.08, -0.25, 0.48)(-0.08, -0.24, 0.46)(-0.10, -0.23, 0.43)(-0.11, -0.23, 0.48)(-0.11, -0.24, 0.49)(-0.10, -0.25, 0.48)(-0.09, -0.25, 0.47)
(-0.05, -0.23, 0.40)(-0.04, -0.22, 0.44)(-0.02, -0.23, 0.41)(0.02, -0.23, 0.43)(0.04, -0.24, 0.45)(0.06, -0.24, 0.45)(-0.03, -0.23, 0.41)(0.00, -0.21, 0.46)(0.00, -0.24, 0.48)(-0.01, -0.25, 0.46)(-0.01, -0.24, 0.45)(-0.04, -0.23, 0.41)(-0.03, -0.21, 0.47)(-0.02, -0.24, 0.49)(-0.03, -0.25, 0.46)(-0.03, -0.24, 0.45)(-0.05, -0.23, 0.42)(-0.05, -0.21, 0.47)(-0.04, -0.24, 0.49)(-0.04, -0.25, 0.47)(-0.04, -0.24, 0.45)(-0.06, -0.23, 0.42)(-0.06, -0.22, 0.47)(-0.06, -0.24, 0.48)(-0.06, -0.25, 0.47)(-0.05, -0.24, 0.46)
(-0.12, -0.23, 0.40)(-0.12, -0.22, 0.45)(-0.10, -0.23, 0.42)(-0.07, -0.23, 0.44)(-0.04, -0.24, 0.46)(-0.02, -0.24, 0.47)(-0.11, -0.23, 0.42)(-0.09, -0.21, 0.48)(-0.09, -0.24, 0.49)(-0.10, -0.25, 0.47)(-0.10, -0.24, 0.46)(-0.12, -0.23, 0.42)(-0.11, -0.21, 0.47)(-0.11, -0.24, 0.50)(-0.11, -0.25, 0.47)(-0.11, -0.24, 0.46)(-0.13, -0.22, 0.42)(-0.13, -0.21, 0.47)(-0.13, -0.24, 0.49)(-0.13, -0.25, 0.47)(-0.12, -0.24, 0.46)(-0.14, -0.23, 0.42)(-0.15, -0.22, 0.47)(-0.15, -0.24, 0.48)(-0.14, -0.25, 0.47)(-0.13, -0.24, 0.46)
(-0.20, -0.23, 0.41)(-0.21, -0.23, 0.46)(-0.18, -0.24, 0.43)(-0.15, -0.24, 0.46)(-0.13, -0.24, 0.49)(-0.12, -0.24, 0.50)(-0.20, -0.23, 0.43)(-0.19, -0.22, 0.49)(-0.19, -0.25, 0.51)(-0.19, -0.26, 0.49)(-0.19, -0.25, 0.47)(-0.20, -0.23, 0.43)(-0.21, -0.22, 0.49)(-0.21, -0.25, 0.51)(-0.20, -0.26, 0.48)(-0.20, -0.25, 0.47)(-0.21, -0.23, 0.43)(-0.23, -0.22, 0.48)(-0.23, -0.26, 0.50)(-0.22, -0.26, 0.48)(-0.21, -0.25, 0.47)(-0.22, -0.24, 0.43)(-0.24, -0.23, 0.47)(-0.25, -0.25, 0.49)(-0.24, -0.26, 0.48)(-0.22, -0.25, 0.47)
(-0.20, -0.23, 0.41)(-0.21, -0.23, 0.46)(-0.18, -0.24, 0.43)(-0.15, -0.24, 0.46)(-0.13, -0.24, 0.49)(-0.12, -0.24, 0.50)(-0.20, -0.23, 0.43)(-0.19, -0.22, 0.49)(-0.19, -0.25, 0.51)(-0.19, -0.26, 0.49)(-0.19, -0.25, 0.47)(-0.20, -0.23, 0.43)(-0.21, -0.22, 0.49)(-0.21, -0.25, 0.51)(-0.20, -0.26, 0.48)(-0.20, -0.25, 0.47)(-0.21, -0.23, 0.43)(-0.23, -0.22, 0.48)(-0.23, -0.26, 0.50)(-0.22, -0.26, 0.48)(-0.21, -0.25, 0.47)(-0.22, -0.24, 0.43)(-0.24, -0.23, 0.47)(-0.25, -0.25, 0.49)(-0.24, -0.26, 0.48)(-0.22, -0.25, 0.47)
(-0.17, -0.25, 0.42)(-0.18, -0.24, 0.46)(-0.16, -0.25, 0.44)(-0.13, -0.25, 0.47)(-0.10, -0.26, 0.49)(-0.09, -0.25, 0.50)(-0.17, -0.25, 0.44)(-0.16, -0.23, 0.49)(-0.16, -0.26, 0.51)(-0.16, -0.27, 0.49)(-0.16, -0.26, 0.47)(-0.17, -0.25, 0.43)(-0.18, -0.23, 0.49)(-0.18, -0.27, 0.51)(-0.17, -0.27, 0.48)(-0.17, -0.26, 0.47)(-0.19, -0.25, 0.43)(-0.20, -0.24, 0.48)(-0.20, -0.27, 0.50)(-0.19, -0.27, 0.48)(-0.18, -0.26, 0.47)(-0.19, -0.25, 0.43)(-0.21, -0.24, 0.48)(-0.22, -0.26, 0.49)(-0.21, -0.27, 0.48)(-0.20, -0.27, 0.47)
(-0.04, -0.25, 0.40)(-0.04, -0.24, 0.45)(-0.02, -0.26, 0.42)(0.02, -0.26, 0.44)(0.04, -0.26, 0.46)(0.06, -0.26, 0.46)(-0.03, -0.25, 0.42)(-0.01, -0.24, 0.48)(0.00, -0.27, 0.49)(-0.01, -0.28, 0.47)(-0.01, -0.27, 0.46)(-0.04, -0.25, 0.42)(-0.03, -0.24, 0.48)(-0.02, -0.27, 0.50)(-0.03, -0.28, 0.47)(-0.03, -0.27, 0.46)(-0.05, -0.25, 0.42)(-0.05, -0.24, 0.47)(-0.04, -0.27, 0.49)(-0.04, -0.28, 0.47)(-0.04, -0.27, 0.46)(-0.06, -0.25, 0.42)(-0.07, -0.25, 0.47)(-0.07, -0.27, 0.49)(-0.06, -0.27, 0.47)(-0.05, -0.27, 0.46)
(0.00, -0.24, 0.38)(0.01, -0.23, 0.43)(0.03, -0.25, 0.40)(0.06, -0.25, 0.42)(0.09, -0.25, 0.43)(0.11, -0.26, 0.43)(0.02, -0.24, 0.40)(0.04, -0.23, 0.45)(0.05, -0.26, 0.47)(0.04, -0.26, 0.45)(0.03, -0.26, 0.44)(0.01, -0.24, 0.40)(0.02, -0.22, 0.45)(0.03, -0.26, 0.48)(0.02, -0.27, 0.45)(0.02, -0.25, 0.44)(0.00, -0.24, 0.41)(0.00, -0.23, 0.46)(0.01, -0.26, 0.48)(0.01, -0.27, 0.45)(0.01, -0.25, 0.44)(-0.01, -0.24, 0.41)(-0.02, -0.24, 0.46)(-0.02, -0.25, 0.47)(-0.01, -0.26, 0.46)(0.00, -0.26, 0.44)
(-0.05, -0.23, 0.39)(-0.04, -0.21, 0.44)(-0.02, -0.23, 0.40)(0.02, -0.23, 0.42)(0.04, -0.23, 0.44)(0.06, -0.24, 0.44)(-0.03, -0.23, 0.41)(-0.01, -0.21, 0.46)(0.00, -0.24, 0.48)(-0.01, -0.25, 0.46)(-0.01, -0.24, 0.44)(-0.04, -0.23, 0.41)(-0.03, -0.20, 0.46)(-0.02, -0.24, 0.48)(-0.03, -0.25, 0.46)(-0.03, -0.24, 0.44)(-0.05, -0.22, 0.41)(-0.05, -0.21, 0.46)(-0.04, -0.24, 0.48)(-0.04, -0.25, 0.46)(-0.04, -0.24, 0.45)(-0.06, -0.23, 0.41)(-0.06, -0.22, 0.46)(-0.06, -0.23, 0.48)(-0.06, -0.24, 0.46)(-0.05, -0.24, 0.45)
(-0.17, -0.24, 0.42)(-0.17, -0.23, 0.46)(-0.15, -0.24, 0.43)(-0.11, -0.24, 0.46)(-0.09, -0.25, 0.48)(-0.07, -0.25, 0.49)(-0.16, -0.24, 0.44)(-0.14, -0.22, 0.49)(-0.14, -0.25, 0.51)(-0.14, -0.26, 0.49)(-0.14, -0.25, 0.47)(-0.16, -0.24, 0.44)(-0.16, -0.22, 0.49)(-0.16, -0.25, 0.51)(-0.16, -0.26, 0.48)(-0.16, -0.25, 0.47)(-0.17, -0.24, 0.44)(-0.18, -0.22, 0.49)(-0.18, -0.26, 0.51)(-0.17, -0.26, 0.49)(-0.17, -0.25, 0.47)(-0.18, -0.24, 0.44)(-0.20, -0.23, 0.48)(-0.20, -0.25, 0.50)(-0.19, -0.26, 0.48)(-0.18, -0.25, 0.47)
(-0.23, -0.25, 0.42)(-0.24, -0.24, 0.46)(-0.21, -0.25, 0.44)(-0.18, -0.25, 0.47)(-0.16, -0.25, 0.49)(-0.15, -0.25, 0.50)(-0.22, -0.25, 0.44)(-0.22, -0.23, 0.50)(-0.22, -0.26, 0.51)(-0.22, -0.27, 0.49)(-0.22, -0.26, 0.48)(-0.23, -0.25, 0.44)(-0.24, -0.23, 0.49)(-0.24, -0.27, 0.51)(-0.23, -0.28, 0.48)(-0.23, -0.26, 0.47)(-0.24, -0.25, 0.43)(-0.26, -0.24, 0.48)(-0.26, -0.27, 0.50)(-0.25, -0.27, 0.48)(-0.24, -0.26, 0.47)(-0.25, -0.25, 0.43)(-0.27, -0.25, 0.48)(-0.28, -0.26, 0.49)(-0.26, -0.27, 0.48)(-0.25, -0.27, 0.47)
(-0.23, -0.25, 0.42)(-0.25, -0.25, 0.46)(-0.22, -0.26, 0.44)(-0.19, -0.26, 0.47)(-0.17, -0.26, 0.50)(-0.15, -0.26, 0.51)(-0.23, -0.26, 0.44)(-0.22, -0.24, 0.50)(-0.22, -0.27, 0.52)(-0.22, -0.28, 0.49)(-0.22, -0.27, 0.48)(-0.23, -0.26, 0.44)(-0.24, -0.24, 0.49)(-0.24, -0.28, 0.51)(-0.23, -0.28, 0.48)(-0.23, -0.27, 0.47)(-0.25, -0.26, 0.43)(-0.26, -0.25, 0.48)(-0.26, -0.28, 0.50)(-0.25, -0.28, 0.48)(-0.24, -0.27, 0.47)(-0.25, -0.26, 0.43)(-0.28, -0.26, 0.48)(-0.28, -0.28, 0.49)(-0.27, -0.28, 0.48)(-0.26, -0.28, 0.47)
(-0.14, -0.26, 0.42)(-0.15, -0.25, 0.46)(-0.12, -0.26, 0.44)(-0.09, -0.26, 0.47)(-0.07, -0.26, 0.49)(-0.05, -0.26, 0.50)(-0.13, -0.26, 0.44)(-0.12, -0.24, 0.50)(-0.12, -0.27, 0.51)(-0.12, -0.28, 0.49)(-0.12, -0.27, 0.48)(-0.14, -0.26, 0.44)(-0.15, -0.24, 0.49)(-0.14, -0.28, 0.51)(-0.14, -0.28, 0.48)(-0.13, -0.27, 0.47)(-0.15, -0.26, 0.43)(-0.16, -0.25, 0.48)(-0.16, -0.28, 0.50)(-0.15, -0.28, 0.48)(-0.15, -0.27, 0.47)(-0.16, -0.26, 0.43)(-0.18, -0.26, 0.48)(-0.18, -0.28, 0.49)(-0.17, -0.28, 0.48)(-0.16, -0.28, 0.47)
(-0.02, -0.25, 0.40)(-0.02, -0.24, 0.45)(0.00, -0.26, 0.42)(0.04, -0.26, 0.44)(0.06, -0.26, 0.46)(0.08, -0.26, 0.47)(-0.01, -0.25, 0.42)(0.01, -0.24, 0.47)(0.02, -0.27, 0.49)(0.01, -0.28, 0.47)(0.01, -0.27, 0.46)(-0.02, -0.25, 0.42)(-0.01, -0.23, 0.47)(-0.01, -0.27, 0.49)(-0.01, -0.28, 0.47)(-0.01, -0.27, 0.45)(-0.03, -0.25, 0.42)(-0.03, -0.24, 0.47)(-0.03, -0.27, 0.49)(-0.02, -0.28, 0.47)(-0.02, -0.27, 0.45)(-0.04, -0.25, 0.42)(-0.05, -0.25, 0.47)(-0.05, -0.27, 0.48)(-0.04, -0.27, 0.47)(-0.03, -0.27, 0.46)
(0.01, -0.24, 0.39)(0.01, -0.23, 0.43)(0.03, -0.24, 0.40)(0.07, -0.25, 0.42)(0.10, -0.25, 0.43)(0.12, -0.25, 0.44)(0.02, -0.24, 0.40)(0.05, -0.22, 0.45)(0.05, -0.25, 0.47)(0.04, -0.26, 0.45)(0.04, -0.25, 0.44)(0.01, -0.24, 0.40)(0.03, -0.22, 0.46)(0.03, -0.26, 0.48)(0.03, -0.26, 0.45)(0.03, -0.25, 0.44)(0.00, -0.24, 0.41)(0.01, -0.22, 0.46)(0.01, -0.26, 0.48)(0.01, -0.26, 0.46)(0.02, -0.25, 0.44)(-0.01, -0.24, 0.41)(-0.01, -0.23, 0.46)(-0.01, -0.25, 0.47)(0.00, -0.26, 0.46)(0.00, -0.25, 0.45)
(-0.08, -0.23, 0.40)(-0.08, -0.22, 0.45)(-0.06, -0.23, 0.42)(-0.02, -0.23, 0.44)(0.01, -0.24, 0.45)(0.02, -0.24, 0.45)(-0.07, -0.23, 0.42)(-0.04, -0.21, 0.47)(-0.04, -0.24, 0.49)(-0.05, -0.25, 0.47)(-0.05, -0.24, 0.46)(-0.08, -0.23, 0.42)(-0.07, -0.21, 0.47)(-0.06, -0.24, 0.49)(-0.06, -0.25, 0.47)(-0.06, -0.24, 0.46)(-0.09, -0.23, 0.42)(-0.09, -0.21, 0.47)(-0.08, -0.24, 0.49)(-0.08, -0.25, 0.47)(-0.08, -0.24, 0.46)(-0.10, -0.23, 0.42)(-0.10, -0.22, 0.47)(-0.10, -0.24, 0.49)(-0.10, -0.25, 0.48)(-0.09, -0.24, 0.46)
(-0.17, -0.24, 0.42)(-0.18, -0.23, 0.47)(-0.15, -0.24, 0.44)(-0.12, -0.24, 0.46)(-0.10, -0.24, 0.48)(-0.08, -0.24, 0.49)(-0.16, -0.24, 0.44)(-0.15, -0.22, 0.49)(-0.15, -0.25, 0.51)(-0.15, -0.26, 0.49)(-0.15, -0.25, 0.48)(-0.17, -0.24, 0.44)(-0.17, -0.22, 0.49)(-0.17, -0.25, 0.51)(-0.17, -0.26, 0.49)(-0.17, -0.25, 0.47)(-0.18, -0.23, 0.44)(-0.19, -0.22, 0.49)(-0.19, -0.26, 0.51)(-0.18, -0.26, 0.49)(-0.18, -0.25, 0.47)(-0.19, -0.24, 0.44)(-0.21, -0.23, 0.48)(-0.21, -0.25, 0.50)(-0.20, -0.26, 0.48)(-0.19, -0.25, 0.47)
(-0.20, -0.24, 0.42)(-0.21, -0.23, 0.47)(-0.18, -0.24, 0.44)(-0.15, -0.24, 0.47)(-0.13, -0.24, 0.49)(-0.11, -0.24, 0.50)(-0.19, -0.24, 0.44)(-0.18, -0.22, 0.50)(-0.18, -0.25, 0.52)(-0.18, -0.26, 0.49)(-0.18, -0.25, 0.48)(-0.20, -0.24, 0.44)(-0.20, -0.22, 0.49)(-0.20, -0.26, 0.51)(-0.19, -0.27, 0.49)(-0.19, -0.25, 0.47)(-0.21, -0.24, 0.44)(-0.22, -0.23, 0.49)(-0.22, -0.26, 0.51)(-0.21, -0.27, 0.49)(-0.20, -0.25, 0.47)(-0.22, -0.24, 0.43)(-0.24, -0.24, 0.48)(-0.24, -0.26, 0.49)(-0.23, -0.26, 0.48)(-0.22, -0.26, 0.47)
(-0.14, -0.24, 0.41)(-0.15, -0.23, 0.46)(-0.12, -0.24, 0.43)(-0.09, -0.24, 0.46)(-0.07, -0.24, 0.48)(-0.05, -0.24, 0.49)(-0.13, -0.24, 0.43)(-0.12, -0.22, 0.49)(-0.12, -0.25, 0.50)(-0.12, -0.26, 0.48)(-0.12, -0.25, 0.47)(-0.14, -0.24, 0.43)(-0.14, -0.22, 0.48)(-0.14, -0.26, 0.50)(-0.14, -0.26, 0.48)(-0.13, -0.25, 0.46)(-0.15, -0.24, 0.43)(-0.16, -0.23, 0.48)(-0.16, -0.26, 0.50)(-0.15, -0.26, 0.48)(-0.14, -0.25, 0.46)(-0.16, -0.24, 0.43)(-0.18, -0.24, 0.47)(-0.18, -0.25, 0.48)(-0.17, -0.26, 0.47)(-0.16, -0.26, 0.46)

