(-0.04, -0.08, 0.38)(-0.03, -0.05, 0.41)(-0.01, -0.08, 0.39)(0.02, -0.06, 0.41)(0.04, -0.05, 0.44)(0.05, -0.05, 0.45)(-0.02, -0.08, 0.39)(0.00, -0.03, 0.43)(0.00, 0.00, 0.46)(0.00, 0.01, 0.49)(0.00, 0.01, 0.50)(-0.03, -0.08, 0.39)(-0.02, -0.03, 0.43)(-0.02, -0.03, 0.48)(-0.02, -0.05, 0.49)(-0.01, -0.07, 0.50)(-0.04, -0.07, 0.40)(-0.04, -0.04, 0.44)(-0.04, -0.05, 0.48)(-0.03, -0.07, 0.48)(-0.03, -0.08, 0.48)(-0.05, -0.08, 0.40)(-0.06, -0.05, 0.44)(-0.06, -0.05, 0.46)(-0.05, -0.06, 0.47)(-0.04, -0.08, 0.47)
(-0.04, -0.09, 0.37)(-0.04, -0.06, 0.40)(-0.02, -0.08, 0.38)(0.01, -0.07, 0.40)(0.03, -0.05, 0.43)(0.04, -0.05, 0.44)(-0.03, -0.08, 0.38)(-0.01, -0.03, 0.42)(0.00, -0.01, 0.45)(0.00, 0.00, 0.47)(0.00, 0.01, 0.49)(-0.04, -0.08, 0.38)(-0.03, -0.03, 0.42)(-0.03, -0.03, 0.47)(-0.02, -0.05, 0.48)(-0.02, -0.07, 0.49)(-0.05, -0.08, 0.39)(-0.05, -0.04, 0.43)(-0.04, -0.05, 0.46)(-0.04, -0.07, 0.47)(-0.03, -0.08, 0.47)(-0.06, -0.08, 0.39)(-0.07, -0.05, 0.43)(-0.06, -0.05, 0.45)(-0.06, -0.07, 0.46)(-0.05, -0.08, 0.46)
(-0.06, -0.10, 0.34)(-0.06, -0.06, 0.36)(-0.03, -0.09, 0.35)(0.00, -0.07, 0.36)(0.02, -0.05, 0.38)(0.03, -0.04, 0.39)(-0.05, -0.09, 0.35)(-0.02, -0.04, 0.37)(-0.02, 0.00, 0.40)(-0.01, 0.01, 0.42)(-0.01, 0.01, 0.43)(-0.05, -0.09, 0.35)(-0.04, -0.04, 0.37)(-0.04, -0.03, 0.42)(-0.03, -0.05, 0.43)(-0.02, -0.06, 0.44)(-0.06, -0.09, 0.35)(-0.06, -0.05, 0.38)(-0.05, -0.04, 0.42)(-0.04, -0.06, 0.42)(-0.04, -0.08, 0.41)(-0.07, -0.09, 0.35)(-0.08, -0.05, 0.39)(-0.07, -0.05, 0.41)(-0.06, -0.07, 0.42)(-0.05, -0.08, 0.41)
(-0.09, -0.12, 0.30)(-0.09, -0.08, 0.32)(-0.07, -0.10, 0.30)(-0.04, -0.08, 0.31)(-0.02, -0.06, 0.32)(-0.01, -0.05, 0.33)(-0.08, -0.10, 0.30)(-0.06, -0.04, 0.32)(-0.05, -0.01, 0.34)(-0.04, 0.00, 0.36)(-0.04, 0.00, 0.37)(-0.09, -0.10, 0.31)(-0.08, -0.05, 0.32)(-0.07, -0.03, 0.36)(-0.06, -0.06, 0.37)(-0.05, -0.07, 0.36)(-0.10, -0.10, 0.31)(-0.10, -0.05, 0.34)(-0.08, -0.05, 0.37)(-0.07, -0.07, 0.36)(-0.08, -0.08, 0.35)(-0.11, -0.11, 0.32)(-0.11, -0.06, 0.35)(-0.10, -0.06, 0.37)(-0.09, -0.07, 0.36)(-0.09, -0.08, 0.35)
(-0.14, -0.12, 0.28)(-0.14, -0.09, 0.31)(-0.12, -0.11, 0.28)(-0.09, -0.08, 0.30)(-0.07, -0.07, 0.31)(-0.06, -0.06, 0.32)(-0.13, -0.11, 0.29)(-0.11, -0.05, 0.31)(-0.10, -0.03, 0.33)(-0.09, -0.03, 0.35)(-0.08, -0.04, 0.36)(-0.14, -0.11, 0.29)(-0.13, -0.06, 0.31)(-0.11, -0.05, 0.35)(-0.10, -0.08, 0.35)(-0.10, -0.09, 0.34)(-0.15, -0.11, 0.30)(-0.14, -0.07, 0.33)(-0.12, -0.07, 0.36)(-0.12, -0.08, 0.35)(-0.12, -0.09, 0.33)(-0.15, -0.12, 0.30)(-0.16, -0.08, 0.34)(-0.14, -0.08, 0.36)(-0.13, -0.09, 0.35)(-0.13, -0.10, 0.33)
(-0.20, -0.13, 0.29)(-0.20, -0.10, 0.33)(-0.18, -0.12, 0.30)(-0.15, -0.10, 0.32)(-0.13, -0.09, 0.35)(-0.12, -0.09, 0.36)(-0.19, -0.12, 0.30)(-0.17, -0.07, 0.34)(-0.16, -0.06, 0.37)(-0.15, -0.08, 0.38)(-0.15, -0.10, 0.38)(-0.20, -0.12, 0.31)(-0.19, -0.07, 0.34)(-0.17, -0.08, 0.38)(-0.16, -0.10, 0.38)(-0.16, -0.11, 0.36)(-0.21, -0.12, 0.31)(-0.21, -0.08, 0.35)(-0.19, -0.09, 0.38)(-0.18, -0.11, 0.38)(-0.18, -0.12, 0.36)(-0.21, -0.12, 0.31)(-0.22, -0.10, 0.36)(-0.21, -0.10, 0.38)(-0.20, -0.12, 0.37)(-0.19, -0.12, 0.36)
(-0.24, -0.13, 0.32)(-0.24, -0.11, 0.36)(-0.22, -0.12, 0.33)(-0.19, -0.12, 0.37)(-0.17, -0.12, 0.39)(-0.16, -0.12, 0.41)(-0.23, -0.12, 0.34)(-0.21, -0.09, 0.38)(-0.20, -0.09, 0.42)(-0.20, -0.11, 0.42)(-0.20, -0.13, 0.42)(-0.23, -0.12, 0.34)(-0.23, -0.09, 0.38)(-0.22, -0.10, 0.42)(-0.21, -0.13, 0.42)(-0.21, -0.14, 0.40)(-0.24, -0.12, 0.34)(-0.25, -0.10, 0.39)(-0.24, -0.11, 0.42)(-0.23, -0.13, 0.41)(-0.22, -0.14, 0.39)(-0.25, -0.13, 0.34)(-0.26, -0.11, 0.39)(-0.25, -0.12, 0.41)(-0.24, -0.14, 0.40)(-0.24, -0.14, 0.39)
(-0.25, -0.13, 0.35)(-0.26, -0.12, 0.39)(-0.23, -0.13, 0.37)(-0.21, -0.13, 0.40)(-0.20, -0.13, 0.43)(-0.18, -0.14, 0.45)(-0.25, -0.13, 0.37)(-0.23, -0.10, 0.42)(-0.23, -0.11, 0.45)(-0.23, -0.13, 0.45)(-0.23, -0.14, 0.43)(-0.25, -0.13, 0.37)(-0.25, -0.10, 0.42)(-0.25, -0.12, 0.46)(-0.24, -0.14, 0.44)(-0.24, -0.14, 0.42)(-0.26, -0.13, 0.37)(-0.27, -0.11, 0.42)(-0.27, -0.13, 0.45)(-0.26, -0.15, 0.44)(-0.25, -0.15, 0.42)(-0.27, -0.13, 0.37)(-0.29, -0.12, 0.42)(-0.28, -0.14, 0.43)(-0.27, -0.15, 0.42)(-0.26, -0.15, 0.41)
(-0.23, -0.13, 0.37)(-0.24, -0.11, 0.41)(-0.21, -0.12, 0.39)(-0.18, -0.12, 0.42)(-0.16, -0.12, 0.44)(-0.15, -0.12, 0.46)(-0.22, -0.12, 0.39)(-0.21, -0.09, 0.44)(-0.21, -0.12, 0.47)(-0.21, -0.13, 0.45)(-0.21, -0.13, 0.43)(-0.23, -0.12, 0.38)(-0.23, -0.10, 0.43)(-0.23, -0.13, 0.46)(-0.22, -0.14, 0.44)(-0.22, -0.13, 0.42)(-0.24, -0.12, 0.38)(-0.25, -0.11, 0.43)(-0.25, -0.13, 0.45)(-0.23, -0.14, 0.44)(-0.23, -0.13, 0.42)(-0.25, -0.13, 0.38)(-0.27, -0.12, 0.43)(-0.26, -0.13, 0.44)(-0.25, -0.14, 0.43)(-0.24, -0.14, 0.42)
(-0.14, -0.11, 0.36)(-0.14, -0.09, 0.41)(-0.11, -0.11, 0.38)(-0.08, -0.10, 0.41)(-0.06, -0.09, 0.43)(-0.04, -0.09, 0.44)(-0.13, -0.10, 0.38)(-0.11, -0.07, 0.43)(-0.11, -0.10, 0.46)(-0.11, -0.11, 0.44)(-0.11, -0.11, 0.43)(-0.13, -0.11, 0.38)(-0.14, -0.08, 0.43)(-0.13, -0.11, 0.46)(-0.12, -0.12, 0.43)(-0.12, -0.11, 0.42)(-0.15, -0.11, 0.38)(-0.15, -0.08, 0.43)(-0.15, -0.11, 0.45)(-0.14, -0.12, 0.43)(-0.13, -0.11, 0.42)(-0.15, -0.11, 0.38)(-0.17, -0.10, 0.43)(-0.17, -0.11, 0.44)(-0.15, -0.12, 0.43)(-0.15, -0.12, 0.42)
(-0.06, -0.12, 0.36)(-0.05, -0.09, 0.41)(-0.03, -0.11, 0.38)(0.00, -0.10, 0.40)(0.03, -0.10, 0.41)(0.05, -0.09, 0.41)(-0.04, -0.11, 0.38)(-0.02, -0.08, 0.43)(-0.02, -0.10, 0.45)(-0.02, -0.12, 0.43)(-0.03, -0.11, 0.42)(-0.05, -0.11, 0.38)(-0.04, -0.08, 0.43)(-0.04, -0.11, 0.45)(-0.04, -0.12, 0.43)(-0.04, -0.11, 0.41)(-0.06, -0.11, 0.38)(-0.06, -0.09, 0.43)(-0.06, -0.11, 0.45)(-0.05, -0.12, 0.43)(-0.05, -0.12, 0.41)(-0.07, -0.11, 0.38)(-0.08, -0.09, 0.43)(-0.08, -0.11, 0.45)(-0.07, -0.12, 0.43)(-0.06, -0.12, 0.42)
(-0.05, -0.12, 0.37)(-0.04, -0.09, 0.41)(-0.02, -0.12, 0.38)(0.02, -0.10, 0.40)(0.04, -0.09, 0.41)(0.06, -0.09, 0.41)(-0.03, -0.11, 0.38)(-0.01, -0.08, 0.43)(0.00, -0.11, 0.45)(-0.01, -0.12, 0.43)(-0.02, -0.12, 0.42)(-0.04, -0.11, 0.39)(-0.03, -0.08, 0.43)(-0.02, -0.11, 0.46)(-0.03, -0.12, 0.43)(-0.03, -0.11, 0.42)(-0.05, -0.11, 0.39)(-0.05, -0.08, 0.43)(-0.04, -0.11, 0.45)(-0.04, -0.12, 0.43)(-0.04, -0.11, 0.42)(-0.06, -0.11, 0.39)(-0.06, -0.09, 0.43)(-0.06, -0.11, 0.45)(-0.06, -0.12, 0.44)(-0.05, -0.12, 0.42)
(-0.13, -0.11, 0.38)(-0.13, -0.09, 0.42)(-0.11, -0.11, 0.40)(-0.07, -0.10, 0.41)(-0.05, -0.09, 0.43)(-0.03, -0.08, 0.43)(-0.12, -0.11, 0.40)(-0.09, -0.08, 0.44)(-0.09, -0.10, 0.47)(-0.10, -0.11, 0.45)(-0.10, -0.11, 0.43)(-0.13, -0.11, 0.40)(-0.11, -0.07, 0.44)(-0.11, -0.11, 0.47)(-0.12, -0.12, 0.44)(-0.11, -0.11, 0.43)(-0.14, -0.11, 0.40)(-0.13, -0.08, 0.44)(-0.13, -0.11, 0.47)(-0.13, -0.11, 0.45)(-0.12, -0.11, 0.43)(-0.15, -0.11, 0.40)(-0.15, -0.09, 0.45)(-0.15, -0.10, 0.46)(-0.14, -0.11, 0.45)(-0.14, -0.11, 0.44)
(-0.17, -0.11, 0.39)(-0.17, -0.08, 0.43)(-0.15, -0.11, 0.41)(-0.11, -0.09, 0.42)(-0.09, -0.08, 0.44)(-0.07, -0.08, 0.44)(-0.16, -0.10, 0.41)(-0.14, -0.07, 0.46)(-0.14, -0.10, 0.48)(-0.15, -0.11, 0.46)(-0.15, -0.11, 0.44)(-0.17, -0.10, 0.41)(-0.16, -0.07, 0.45)(-0.16, -0.10, 0.48)(-0.16, -0.11, 0.45)(-0.16, -0.10, 0.44)(-0.18, -0.10, 0.41)(-0.18, -0.07, 0.45)(-0.18, -0.10, 0.47)(-0.18, -0.11, 0.45)(-0.17, -0.10, 0.43)(-0.19, -0.10, 0.41)(-0.20, -0.08, 0.45)(-0.20, -0.10, 0.47)(-0.19, -0.11, 0.45)(-0.18, -0.10, 0.44)
(-0.17, -0.11, 0.40)(-0.17, -0.09, 0.44)(-0.15, -0.11, 0.42)(-0.11, -0.10, 0.44)(-0.09, -0.09, 0.45)(-0.07, -0.08, 0.46)(-0.16, -0.10, 0.41)(-0.14, -0.08, 0.46)(-0.15, -0.10, 0.49)(-0.15, -0.11, 0.47)(-0.15, -0.11, 0.45)(-0.17, -0.10, 0.41)(-0.16, -0.07, 0.46)(-0.17, -0.10, 0.48)(-0.17, -0.11, 0.46)(-0.16, -0.10, 0.44)(-0.18, -0.10, 0.41)(-0.18, -0.08, 0.45)(-0.19, -0.11, 0.48)(-0.18, -0.11, 0.46)(-0.17, -0.11, 0.44)(-0.19, -0.10, 0.41)(-0.20, -0.08, 0.45)(-0.21, -0.10, 0.47)(-0.19, -0.11, 0.46)(-0.19, -0.11, 0.45)
(-0.09, -0.12, 0.39)(-0.08, -0.10, 0.42)(-0.07, -0.13, 0.40)(-0.03, -0.12, 0.41)(0.00, -0.10, 0.43)(0.02, -0.10, 0.43)(-0.08, -0.12, 0.40)(-0.05, -0.09, 0.45)(-0.05, -0.11, 0.47)(-0.06, -0.12, 0.45)(-0.06, -0.12, 0.43)(-0.08, -0.12, 0.40)(-0.07, -0.08, 0.44)(-0.07, -0.12, 0.47)(-0.07, -0.13, 0.45)(-0.07, -0.12, 0.43)(-0.10, -0.12, 0.40)(-0.09, -0.09, 0.44)(-0.09, -0.12, 0.47)(-0.09, -0.12, 0.45)(-0.08, -0.12, 0.43)(-0.10, -0.12, 0.40)(-0.11, -0.09, 0.45)(-0.11, -0.11, 0.46)(-0.10, -0.12, 0.45)(-0.09, -0.12, 0.44)
(-0.07, -0.12, 0.38)(-0.06, -0.10, 0.42)(-0.05, -0.13, 0.39)(-0.01, -0.12, 0.40)(0.02, -0.11, 0.41)(0.04, -0.11, 0.41)(-0.06, -0.12, 0.39)(-0.03, -0.09, 0.43)(-0.03, -0.12, 0.46)(-0.04, -0.13, 0.44)(-0.04, -0.12, 0.42)(-0.07, -0.12, 0.39)(-0.05, -0.08, 0.43)(-0.05, -0.11, 0.46)(-0.06, -0.13, 0.44)(-0.05, -0.12, 0.42)(-0.08, -0.12, 0.39)(-0.07, -0.09, 0.43)(-0.07, -0.11, 0.46)(-0.07, -0.12, 0.44)(-0.06, -0.12, 0.42)(-0.09, -0.12, 0.40)(-0.09, -0.09, 0.44)(-0.09, -0.10, 0.46)(-0.08, -0.12, 0.45)(-0.08, -0.12, 0.43)
(-0.18, -0.11, 0.40)(-0.18, -0.08, 0.44)(-0.16, -0.11, 0.41)(-0.12, -0.10, 0.43)(-0.09, -0.09, 0.44)(-0.07, -0.09, 0.45)(-0.17, -0.10, 0.42)(-0.14, -0.08, 0.46)(-0.14, -0.10, 0.48)(-0.15, -0.11, 0.46)(-0.16, -0.11, 0.45)(-0.18, -0.10, 0.42)(-0.17, -0.07, 0.46)(-0.17, -0.10, 0.49)(-0.17, -0.11, 0.46)(-0.17, -0.10, 0.45)(-0.19, -0.10, 0.42)(-0.18, -0.08, 0.46)(-0.18, -0.10, 0.49)(-0.18, -0.11, 0.47)(-0.18, -0.10, 0.45)(-0.20, -0.10, 0.42)(-0.20, -0.08, 0.46)(-0.21, -0.09, 0.48)(-0.20, -0.11, 0.47)(-0.19, -0.11, 0.46)
(-0.20, -0.10, 0.40)(-0.20, -0.08, 0.44)(-0.18, -0.10, 0.41)(-0.14, -0.09, 0.43)(-0.12, -0.09, 0.45)(-0.10, -0.08, 0.45)(-0.19, -0.10, 0.42)(-0.17, -0.07, 0.46)(-0.17, -0.10, 0.49)(-0.18, -0.11, 0.47)(-0.18, -0.10, 0.45)(-0.20, -0.10, 0.41)(-0.19, -0.07, 0.46)(-0.19, -0.10, 0.49)(-0.19, -0.11, 0.46)(-0.19, -0.10, 0.45)(-0.21, -0.10, 0.41)(-0.21, -0.07, 0.46)(-0.21, -0.10, 0.48)(-0.21, -0.11, 0.46)(-0.20, -0.10, 0.45)(-0.22, -0.10, 0.41)(-0.23, -0.08, 0.46)(-0.23, -0.10, 0.48)(-0.22, -0.11, 0.46)(-0.21, -0.10, 0.45)
(-0.16, -0.12, 0.40)(-0.16, -0.09, 0.44)(-0.14, -0.12, 0.42)(-0.10, -0.11, 0.44)(-0.07, -0.10, 0.45)(-0.05, -0.09, 0.45)(-0.15, -0.11, 0.42)(-0.13, -0.08, 0.47)(-0.13, -0.11, 0.49)(-0.14, -0.12, 0.47)(-0.14, -0.12, 0.45)(-0.16, -0.11, 0.42)(-0.15, -0.08, 0.46)(-0.15, -0.11, 0.49)(-0.15, -0.12, 0.46)(-0.15, -0.11, 0.45)(-0.17, -0.11, 0.42)(-0.17, -0.08, 0.46)(-0.17, -0.11, 0.49)(-0.16, -0.12, 0.47)(-0.16, -0.11, 0.45)(-0.18, -0.11, 0.41)(-0.19, -0.09, 0.46)(-0.19, -0.10, 0.48)(-0.18, -0.12, 0.47)(-0.17, -0.12, 0.45)
(-0.16, -0.12, 0.40)(-0.16, -0.09, 0.44)(-0.14, -0.12, 0.42)(-0.10, -0.11, 0.44)(-0.07, -0.10, 0.45)(-0.05, -0.09, 0.45)(-0.15, -0.11, 0.42)(-0.13, -0.08, 0.47)(-0.13, -0.11, 0.49)(-0.14, -0.12, 0.47)(-0.14, -0.12, 0.45)(-0.16, -0.11, 0.42)(-0.15, -0.08, 0.46)(-0.15, -0.11, 0.49)(-0.15, -0.12, 0.46)(-0.15, -0.11, 0.45)(-0.17, -0.11, 0.42)(-0.17, -0.08, 0.46)(-0.17, -0.11, 0.49)(-0.16, -0.12, 0.47)(-0.16, -0.11, 0.45)(-0.18, -0.11, 0.41)(-0.19, -0.09, 0.46)(-0.19, -0.10, 0.48)(-0.18, -0.12, 0.47)(-0.17, -0.12, 0.45)
(-0.08, -0.12, 0.39)(-0.08, -0.10, 0.43)(-0.06, -0.12, 0.40)(-0.02, -0.12, 0.41)(0.01, -0.11, 0.42)(0.03, -0.11, 0.42)(-0.07, -0.12, 0.40)(-0.04, -0.09, 0.44)(-0.04, -0.11, 0.47)(-0.05, -0.12, 0.45)(-0.05, -0.12, 0.44)(-0.08, -0.12, 0.40)(-0.06, -0.08, 0.44)(-0.06, -0.11, 0.47)(-0.06, -0.13, 0.45)(-0.06, -0.12, 0.43)(-0.09, -0.12, 0.41)(-0.08, -0.09, 0.45)(-0.08, -0.11, 0.47)(-0.07, -0.12, 0.45)(-0.07, -0.12, 0.44)(-0.10, -0.12, 0.41)(-0.10, -0.09, 0.45)(-0.10, -0.10, 0.47)(-0.09, -0.12, 0.46)(-0.09, -0.12, 0.44)
(-0.11, -0.12, 0.38)(-0.10, -0.09, 0.42)(-0.09, -0.12, 0.40)(-0.05, -0.11, 0.41)(-0.02, -0.11, 0.42)(0.00, -0.10, 0.42)(-0.10, -0.11, 0.40)(-0.07, -0.08, 0.44)(-0.07, -0.10, 0.47)(-0.08, -0.11, 0.45)(-0.08, -0.11, 0.43)(-0.11, -0.11, 0.40)(-0.09, -0.07, 0.44)(-0.09, -0.10, 0.47)(-0.09, -0.12, 0.45)(-0.09, -0.11, 0.43)(-0.12, -0.11, 0.40)(-0.11, -0.08, 0.44)(-0.11, -0.10, 0.47)(-0.10, -0.11, 0.45)(-0.10, -0.11, 0.44)(-0.12, -0.11, 0.40)(-0.13, -0.08, 0.45)(-0.13, -0.09, 0.47)(-0.12, -0.11, 0.46)(-0.11, -0.11, 0.44)
(-0.18, -0.12, 0.40)(-0.18, -0.09, 0.44)(-0.16, -0.12, 0.41)(-0.12, -0.11, 0.43)(-0.10, -0.10, 0.45)(-0.08, -0.10, 0.45)(-0.17, -0.11, 0.41)(-0.15, -0.08, 0.46)(-0.15, -0.11, 0.48)(-0.16, -0.12, 0.46)(-0.16, -0.11, 0.45)(-0.18, -0.11, 0.41)(-0.17, -0.08, 0.46)(-0.17, -0.11, 0.49)(-0.17, -0.12, 0.46)(-0.17, -0.11, 0.45)(-0.19, -0.11, 0.41)(-0.19, -0.08, 0.46)(-0.19, -0.11, 0.48)(-0.19, -0.12, 0.46)(-0.18, -0.11, 0.45)(-0.20, -0.11, 0.41)(-0.21, -0.09, 0.46)(-0.21, -0.10, 0.47)(-0.21, -0.11, 0.46)(-0.20, -0.11, 0.45)
(-0.20, -0.12, 0.40)(-0.20, -0.10, 0.44)(-0.18, -0.12, 0.42)(-0.14, -0.12, 0.44)(-0.11, -0.11, 0.46)(-0.09, -0.11, 0.46)(-0.19, -0.12, 0.42)(-0.17, -0.09, 0.47)(-0.17, -0.12, 0.49)(-0.18, -0.13, 0.47)(-0.18, -0.12, 0.46)(-0.19, -0.12, 0.42)(-0.19, -0.09, 0.46)(-0.19, -0.12, 0.49)(-0.19, -0.13, 0.47)(-0.19, -0.12, 0.45)(-0.21, -0.12, 0.42)(-0.21, -0.09, 0.46)(-0.21, -0.12, 0.49)(-0.20, -0.13, 0.47)(-0.20, -0.12, 0.45)(-0.21, -0.12, 0.42)(-0.23, -0.10, 0.46)(-0.23, -0.11, 0.48)(-0.22, -0.13, 0.47)(-0.21, -0.12, 0.45)
(-0.12, -0.13, 0.40)(-0.13, -0.11, 0.44)(-0.10, -0.13, 0.41)(-0.07, -0.12, 0.44)(-0.04, -0.12, 0.45)(-0.02, -0.12, 0.45)(-0.11, -0.13, 0.42)(-0.09, -0.10, 0.46)(-0.09, -0.13, 0.49)(-0.10, -0.14, 0.47)(-0.10, -0.13, 0.45)(-0.12, -0.12, 0.41)(-0.12, -0.09, 0.46)(-0.12, -0.13, 0.49)(-0.12, -0.14, 0.46)(-0.11, -0.13, 0.45)(-0.13, -0.12, 0.41)(-0.13, -0.10, 0.46)(-0.14, -0.13, 0.48)(-0.13, -0.14, 0.46)(-0.12, -0.13, 0.45)(-0.14, -0.12, 0.41)(-0.15, -0.11, 0.46)(-0.16, -0.12, 0.48)(-0.15, -0.13, 0.46)(-0.14, -0.13, 0.45)
(-0.05, -0.13, 0.37)(-0.05, -0.11, 0.41)(-0.03, -0.13, 0.39)(0.01, -0.13, 0.40)(0.04, -0.12, 0.41)(0.06, -0.12, 0.41)(-0.04, -0.13, 0.39)(-0.01, -0.10, 0.43)(-0.01, -0.12, 0.46)(-0.02, -0.13, 0.44)(-0.03, -0.13, 0.42)(-0.05, -0.13, 0.39)(-0.03, -0.09, 0.43)(-0.03, -0.12, 0.46)(-0.04, -0.14, 0.44)(-0.04, -0.13, 0.42)(-0.06, -0.12, 0.39)(-0.05, -0.10, 0.44)(-0.05, -0.12, 0.46)(-0.05, -0.13, 0.44)(-0.05, -0.13, 0.43)(-0.07, -0.13, 0.39)(-0.07, -0.10, 0.44)(-0.07, -0.11, 0.46)(-0.07, -0.13, 0.45)(-0.06, -0.13, 0.43)
(-0.04, -0.13, 0.37)(-0.03, -0.10, 0.40)(-0.02, -0.13, 0.38)(0.02, -0.12, 0.39)(0.05, -0.12, 0.40)(0.07, -0.12, 0.39)(-0.03, -0.12, 0.38)(0.00, -0.09, 0.42)(0.01, -0.12, 0.44)(-0.01, -0.13, 0.43)(-0.01, -0.12, 0.41)(-0.04, -0.12, 0.38)(-0.02, -0.09, 0.42)(-0.01, -0.12, 0.45)(-0.02, -0.13, 0.43)(-0.02, -0.12, 0.41)(-0.05, -0.12, 0.38)(-0.04, -0.09, 0.42)(-0.03, -0.12, 0.45)(-0.03, -0.13, 0.43)(-0.03, -0.12, 0.41)(-0.06, -0.12, 0.39)(-0.06, -0.10, 0.43)(-0.06, -0.11, 0.45)(-0.05, -0.12, 0.44)(-0.04, -0.12, 0.42)
(-0.11, -0.12, 0.38)(-0.11, -0.10, 0.42)(-0.09, -0.12, 0.39)(-0.05, -0.12, 0.41)(-0.02, -0.12, 0.42)(0.00, -0.12, 0.42)(-0.10, -0.12, 0.40)(-0.07, -0.09, 0.44)(-0.07, -0.11, 0.46)(-0.08, -0.12, 0.45)(-0.08, -0.12, 0.43)(-0.11, -0.12, 0.40)(-0.09, -0.08, 0.44)(-0.09, -0.11, 0.47)(-0.09, -0.12, 0.44)(-0.09, -0.12, 0.43)(-0.12, -0.12, 0.40)(-0.11, -0.09, 0.44)(-0.11, -0.11, 0.47)(-0.11, -0.12, 0.45)(-0.10, -0.12, 0.43)(-0.13, -0.12, 0.40)(-0.13, -0.09, 0.45)(-0.13, -0.10, 0.46)(-0.12, -0.12, 0.45)(-0.12, -0.12, 0.44)
(-0.18, -0.12, 0.40)(-0.18, -0.10, 0.44)(-0.16, -0.12, 0.41)(-0.12, -0.12, 0.43)(-0.09, -0.11, 0.45)(-0.07, -0.11, 0.45)(-0.17, -0.12, 0.41)(-0.15, -0.09, 0.46)(-0.14, -0.11, 0.48)(-0.15, -0.12, 0.47)(-0.16, -0.12, 0.45)(-0.18, -0.12, 0.41)(-0.17, -0.09, 0.46)(-0.17, -0.11, 0.49)(-0.17, -0.13, 0.46)(-0.17, -0.12, 0.45)(-0.19, -0.12, 0.41)(-0.19, -0.09, 0.46)(-0.19, -0.12, 0.49)(-0.18, -0.13, 0.47)(-0.18, -0.12, 0.45)(-0.20, -0.12, 0.41)(-0.21, -0.10, 0.46)(-0.21, -0.11, 0.48)(-0.20, -0.12, 0.47)(-0.19, -0.12, 0.46)
(-0.18, -0.12, 0.39)(-0.19, -0.10, 0.44)(-0.16, -0.12, 0.41)(-0.13, -0.11, 0.44)(-0.10, -0.11, 0.45)(-0.08, -0.10, 0.46)(-0.17, -0.12, 0.41)(-0.16, -0.09, 0.46)(-0.15, -0.11, 0.49)(-0.16, -0.13, 0.47)(-0.16, -0.12, 0.45)(-0.18, -0.12, 0.41)(-0.18, -0.09, 0.46)(-0.17, -0.12, 0.49)(-0.17, -0.13, 0.46)(-0.17, -0.12, 0.45)(-0.19, -0.12, 0.41)(-0.20, -0.09, 0.46)(-0.19, -0.12, 0.48)(-0.19, -0.13, 0.47)(-0.18, -0.12, 0.45)(-0.20, -0.12, 0.41)(-0.22, -0.10, 0.46)(-0.22, -0.12, 0.47)(-0.20, -0.13, 0.46)(-0.20, -0.13, 0.45)
(-0.11, -0.13, 0.39)(-0.11, -0.11, 0.43)(-0.09, -0.13, 0.41)(-0.05, -0.12, 0.43)(-0.03, -0.12, 0.44)(-0.01, -0.11, 0.45)(-0.10, -0.12, 0.41)(-0.08, -0.09, 0.46)(-0.08, -0.12, 0.48)(-0.09, -0.13, 0.47)(-0.09, -0.13, 0.45)(-0.11, -0.12, 0.41)(-0.11, -0.09, 0.45)(-0.10, -0.12, 0.48)(-0.10, -0.14, 0.46)(-0.10, -0.13, 0.44)(-0.12, -0.12, 0.41)(-0.12, -0.10, 0.45)(-0.12, -0.12, 0.48)(-0.11, -0.13, 0.46)(-0.11, -0.13, 0.44)(-0.13, -0.13, 0.41)(-0.14, -0.11, 0.45)(-0.14, -0.12, 0.47)(-0.13, -0.13, 0.46)(-0.12, -0.13, 0.45)
(-0.06, -0.13, 0.38)(-0.06, -0.11, 0.42)(-0.04, -0.13, 0.39)(0.00, -0.12, 0.41)(0.03, -0.12, 0.42)(0.05, -0.12, 0.42)(-0.05, -0.12, 0.40)(-0.03, -0.09, 0.44)(-0.02, -0.11, 0.46)(-0.03, -0.13, 0.45)(-0.03, -0.13, 0.43)(-0.06, -0.12, 0.40)(-0.05, -0.09, 0.44)(-0.04, -0.12, 0.47)(-0.04, -0.13, 0.45)(-0.05, -0.12, 0.43)(-0.07, -0.12, 0.40)(-0.07, -0.09, 0.44)(-0.06, -0.12, 0.47)(-0.06, -0.13, 0.45)(-0.06, -0.12, 0.43)(-0.08, -0.12, 0.40)(-0.09, -0.10, 0.44)(-0.09, -0.11, 0.46)(-0.08, -0.13, 0.45)(-0.07, -0.12, 0.44)
(-0.06, -0.13, 0.37)(-0.05, -0.10, 0.41)(-0.04, -0.12, 0.39)(0.00, -0.12, 0.40)(0.03, -0.12, 0.41)(0.05, -0.12, 0.41)(-0.05, -0.12, 0.39)(-0.02, -0.09, 0.43)(-0.01, -0.11, 0.46)(-0.02, -0.12, 0.44)(-0.03, -0.12, 0.43)(-0.05, -0.12, 0.39)(-0.04, -0.08, 0.43)(-0.03, -0.11, 0.46)(-0.04, -0.13, 0.44)(-0.04, -0.12, 0.43)(-0.06, -0.12, 0.39)(-0.06, -0.09, 0.44)(-0.05, -0.11, 0.46)(-0.05, -0.12, 0.45)(-0.05, -0.12, 0.43)(-0.07, -0.12, 0.39)(-0.08, -0.10, 0.44)(-0.08, -0.11, 0.46)(-0.07, -0.12, 0.45)(-0.06, -0.12, 0.43)
(-0.14, -0.13, 0.39)(-0.14, -0.10, 0.43)(-0.12, -0.13, 0.40)(-0.08, -0.12, 0.42)(-0.05, -0.12, 0.43)(-0.03, -0.12, 0.43)(-0.13, -0.12, 0.41)(-0.11, -0.09, 0.45)(-0.10, -0.11, 0.48)(-0.11, -0.12, 0.46)(-0.12, -0.12, 0.44)(-0.14, -0.12, 0.41)(-0.13, -0.09, 0.45)(-0.12, -0.11, 0.48)(-0.13, -0.13, 0.46)(-0.13, -0.12, 0.44)(-0.15, -0.12, 0.41)(-0.15, -0.09, 0.45)(-0.14, -0.11, 0.48)(-0.14, -0.13, 0.46)(-0.14, -0.12, 0.44)(-0.16, -0.12, 0.41)(-0.17, -0.10, 0.46)(-0.17, -0.11, 0.47)(-0.16, -0.12, 0.46)(-0.15, -0.12, 0.45)
(-0.21, -0.13, 0.39)(-0.21, -0.11, 0.44)(-0.19, -0.12, 0.41)(-0.15, -0.12, 0.44)(-0.13, -0.11, 0.45)(-0.11, -0.11, 0.46)(-0.20, -0.12, 0.41)(-0.19, -0.09, 0.46)(-0.18, -0.12, 0.49)(-0.19, -0.13, 0.47)(-0.19, -0.12, 0.45)(-0.21, -0.12, 0.41)(-0.21, -0.09, 0.46)(-0.20, -0.12, 0.49)(-0.20, -0.13, 0.46)(-0.20, -0.12, 0.45)(-0.22, -0.12, 0.41)(-0.23, -0.10, 0.46)(-0.22, -0.12, 0.48)(-0.21, -0.13, 0.47)(-0.21, -0.13, 0.45)(-0.23, -0.12, 0.41)(-0.24, -0.11, 0.46)(-0.25, -0.12, 0.47)(-0.23, -0.13, 0.46)(-0.22, -0.13, 0.45)
(-0.22, -0.12, 0.39)(-0.23, -0.10, 0.43)(-0.20, -0.12, 0.41)(-0.17, -0.10, 0.43)(-0.14, -0.09, 0.45)(-0.12, -0.09, 0.46)(-0.21, -0.12, 0.41)(-0.20, -0.08, 0.46)(-0.19, -0.11, 0.48)(-0.20, -0.12, 0.46)(-0.20, -0.12, 0.45)(-0.22, -0.12, 0.41)(-0.22, -0.09, 0.46)(-0.21, -0.12, 0.48)(-0.21, -0.13, 0.46)(-0.21, -0.12, 0.44)(-0.23, -0.12, 0.41)(-0.24, -0.10, 0.45)(-0.23, -0.12, 0.48)(-0.22, -0.13, 0.46)(-0.22, -0.12, 0.44)(-0.23, -0.13, 0.41)(-0.25, -0.11, 0.45)(-0.25, -0.13, 0.47)(-0.24, -0.13, 0.46)(-0.23, -0.13, 0.45)
(-0.11, -0.13, 0.40)(-0.12, -0.11, 0.44)(-0.09, -0.13, 0.41)(-0.06, -0.12, 0.44)(-0.03, -0.11, 0.45)(-0.01, -0.11, 0.46)(-0.10, -0.12, 0.41)(-0.09, -0.09, 0.47)(-0.09, -0.12, 0.49)(-0.09, -0.13, 0.47)(-0.09, -0.13, 0.45)(-0.11, -0.12, 0.41)(-0.11, -0.09, 0.46)(-0.11, -0.12, 0.49)(-0.10, -0.14, 0.47)(-0.10, -0.13, 0.45)(-0.12, -0.12, 0.41)(-0.13, -0.10, 0.46)(-0.13, -0.13, 0.49)(-0.12, -0.14, 0.47)(-0.11, -0.13, 0.45)(-0.13, -0.13, 0.41)(-0.15, -0.11, 0.46)(-0.15, -0.13, 0.48)(-0.14, -0.14, 0.47)(-0.13, -0.13, 0.45)
(-0.05, -0.14, 0.38)(-0.04, -0.12, 0.42)(-0.02, -0.14, 0.39)(0.01, -0.14, 0.41)(0.04, -0.13, 0.42)(0.06, -0.13, 0.42)(-0.03, -0.14, 0.40)(-0.01, -0.10, 0.44)(0.00, -0.13, 0.46)(-0.01, -0.14, 0.45)(-0.02, -0.14, 0.43)(-0.04, -0.14, 0.40)(-0.03, -0.10, 0.44)(-0.02, -0.13, 0.47)(-0.03, -0.15, 0.45)(-0.03, -0.14, 0.43)(-0.05, -0.13, 0.40)(-0.05, -0.11, 0.44)(-0.04, -0.13, 0.47)(-0.04, -0.14, 0.45)(-0.04, -0.14, 0.43)(-0.06, -0.14, 0.40)(-0.07, -0.12, 0.45)(-0.07, -0.13, 0.46)(-0.06, -0.14, 0.45)(-0.05, -0.14, 0.44)
(-0.04, -0.14, 0.37)(-0.03, -0.11, 0.41)(-0.02, -0.14, 0.38)(0.02, -0.14, 0.40)(0.05, -0.14, 0.41)(0.07, -0.14, 0.41)(-0.03, -0.13, 0.39)(0.01, -0.10, 0.43)(0.01, -0.13, 0.45)(0.00, -0.14, 0.44)(-0.01, -0.14, 0.42)(-0.03, -0.13, 0.39)(-0.02, -0.10, 0.43)(-0.01, -0.13, 0.46)(-0.02, -0.14, 0.44)(-0.02, -0.14, 0.42)(-0.05, -0.13, 0.39)(-0.03, -0.10, 0.43)(-0.03, -0.13, 0.46)(-0.03, -0.14, 0.44)(-0.03, -0.13, 0.42)(-0.05, -0.13, 0.39)(-0.05, -0.11, 0.44)(-0.05, -0.12, 0.46)(-0.05, -0.13, 0.44)(-0.04, -0.13, 0.43)
(-0.11, -0.13, 0.39)(-0.10, -0.11, 0.43)(-0.09, -0.13, 0.40)(-0.05, -0.13, 0.42)(-0.02, -0.13, 0.43)(0.00, -0.13, 0.43)(-0.10, -0.13, 0.40)(-0.07, -0.10, 0.45)(-0.06, -0.12, 0.47)(-0.07, -0.13, 0.45)(-0.08, -0.13, 0.44)(-0.10, -0.13, 0.40)(-0.09, -0.09, 0.45)(-0.08, -0.12, 0.48)(-0.09, -0.14, 0.45)(-0.09, -0.13, 0.44)(-0.11, -0.12, 0.41)(-0.11, -0.10, 0.45)(-0.10, -0.12, 0.48)(-0.10, -0.13, 0.46)(-0.10, -0.13, 0.44)(-0.12, -0.13, 0.41)(-0.13, -0.10, 0.45)(-0.13, -0.12, 0.47)(-0.12, -0.13, 0.46)(-0.11, -0.13, 0.45)
(-0.20, -0.14, 0.40)(-0.20, -0.11, 0.44)(-0.18, -0.13, 0.42)(-0.14, -0.13, 0.44)(-0.11, -0.12, 0.46)(-0.10, -0.12, 0.46)(-0.19, -0.13, 0.42)(-0.17, -0.10, 0.47)(-0.16, -0.12, 0.49)(-0.17, -0.14, 0.47)(-0.18, -0.13, 0.46)(-0.20, -0.13, 0.42)(-0.19, -0.10, 0.47)(-0.19, -0.13, 0.49)(-0.19, -0.14, 0.47)(-0.19, -0.13, 0.45)(-0.21, -0.13, 0.42)(-0.21, -0.11, 0.46)(-0.21, -0.13, 0.49)(-0.20, -0.14, 0.47)(-0.20, -0.13, 0.45)(-0.22, -0.13, 0.42)(-0.23, -0.12, 0.47)(-0.23, -0.13, 0.48)(-0.22, -0.14, 0.47)(-0.21, -0.14, 0.46)
(-0.22, -0.13, 0.39)(-0.23, -0.11, 0.44)(-0.20, -0.13, 0.41)(-0.17, -0.12, 0.44)(-0.15, -0.11, 0.46)(-0.13, -0.11, 0.47)(-0.21, -0.12, 0.41)(-0.20, -0.09, 0.46)(-0.20, -0.12, 0.49)(-0.20, -0.13, 0.47)(-0.20, -0.13, 0.45)(-0.22, -0.13, 0.41)(-0.23, -0.10, 0.46)(-0.22, -0.13, 0.49)(-0.21, -0.14, 0.46)(-0.21, -0.13, 0.45)(-0.23, -0.13, 0.41)(-0.24, -0.11, 0.46)(-0.24, -0.14, 0.48)(-0.23, -0.14, 0.46)(-0.22, -0.13, 0.44)(-0.24, -0.13, 0.41)(-0.26, -0.12, 0.45)(-0.26, -0.13, 0.47)(-0.24, -0.14, 0.46)(-0.23, -0.14, 0.45)
(-0.19, -0.13, 0.39)(-0.20, -0.11, 0.44)(-0.17, -0.13, 0.41)(-0.14, -0.12, 0.44)(-0.11, -0.11, 0.46)(-0.09, -0.10, 0.47)(-0.18, -0.12, 0.41)(-0.17, -0.10, 0.47)(-0.16, -0.12, 0.49)(-0.17, -0.13, 0.47)(-0.17, -0.13, 0.45)(-0.19, -0.13, 0.41)(-0.19, -0.10, 0.46)(-0.19, -0.13, 0.49)(-0.18, -0.14, 0.46)(-0.18, -0.13, 0.45)(-0.20, -0.13, 0.41)(-0.21, -0.11, 0.46)(-0.20, -0.14, 0.48)(-0.19, -0.14, 0.46)(-0.19, -0.13, 0.45)(-0.20, -0.13, 0.41)(-0.23, -0.12, 0.46)(-0.22, -0.14, 0.47)(-0.21, -0.14, 0.46)(-0.20, -0.14, 0.45)
(-0.07, -0.14, 0.39)(-0.07, -0.12, 0.43)(-0.05, -0.14, 0.40)(-0.01, -0.13, 0.43)(0.02, -0.13, 0.44)(0.04, -0.13, 0.44)(-0.06, -0.14, 0.41)(-0.04, -0.11, 0.46)(-0.03, -0.13, 0.48)(-0.04, -0.15, 0.46)(-0.04, -0.14, 0.44)(-0.07, -0.14, 0.41)(-0.06, -0.11, 0.46)(-0.05, -0.14, 0.48)(-0.05, -0.15, 0.46)(-0.05, -0.15, 0.44)(-0.08, -0.14, 0.41)(-0.08, -0.12, 0.46)(-0.07, -0.15, 0.48)(-0.07, -0.15, 0.46)(-0.06, -0.15, 0.44)(-0.09, -0.14, 0.41)(-0.10, -0.13, 0.46)(-0.09, -0.14, 0.47)(-0.08, -0.15, 0.46)(-0.08, -0.15, 0.45)
(-0.03, -0.14, 0.38)(-0.03, -0.12, 0.42)(-0.01, -0.14, 0.39)(0.03, -0.14, 0.41)(0.06, -0.13, 0.42)(0.08, -0.13, 0.42)(-0.02, -0.14, 0.40)(0.01, -0.11, 0.44)(0.02, -0.13, 0.46)(0.01, -0.15, 0.45)(0.00, -0.14, 0.43)(-0.03, -0.14, 0.40)(-0.01, -0.11, 0.44)(0.00, -0.14, 0.47)(-0.01, -0.15, 0.45)(-0.01, -0.14, 0.43)(-0.04, -0.14, 0.40)(-0.03, -0.11, 0.45)(-0.02, -0.14, 0.47)(-0.02, -0.15, 0.45)(-0.02, -0.14, 0.43)(-0.05, -0.14, 0.40)(-0.05, -0.12, 0.45)(-0.05, -0.14, 0.47)(-0.04, -0.15, 0.45)(-0.03, -0.15, 0.44)
(-0.07, -0.14, 0.38)(-0.07, -0.11, 0.43)(-0.05, -0.13, 0.40)(-0.01, -0.13, 0.41)(0.02, -0.12, 0.42)(0.04, -0.12, 0.43)(-0.06, -0.13, 0.40)(-0.04, -0.10, 0.44)(-0.03, -0.12, 0.47)(-0.04, -0.14, 0.45)(-0.04, -0.13, 0.43)(-0.07, -0.13, 0.40)(-0.06, -0.10, 0.44)(-0.05, -0.13, 0.47)(-0.05, -0.14, 0.45)(-0.05, -0.13, 0.43)(-0.08, -0.13, 0.40)(-0.08, -0.11, 0.45)(-0.07, -0.13, 0.47)(-0.06, -0.14, 0.45)(-0.06, -0.14, 0.43)(-0.09, -0.13, 0.40)(-0.09, -0.12, 0.45)(-0.09, -0.13, 0.47)(-0.08, -0.14, 0.45)(-0.08, -0.14, 0.44)
(-0.18, -0.14, 0.41)(-0.18, -0.12, 0.45)(-0.15, -0.13, 0.42)(-0.12, -0.12, 0.44)(-0.09, -0.12, 0.46)(-0.07, -0.12, 0.46)(-0.17, -0.13, 0.42)(-0.15, -0.10, 0.47)(-0.14, -0.13, 0.49)(-0.15, -0.14, 0.48)(-0.15, -0.13, 0.46)(-0.17, -0.13, 0.42)(-0.17, -0.10, 0.47)(-0.16, -0.13, 0.50)(-0.16, -0.14, 0.47)(-0.16, -0.14, 0.46)(-0.18, -0.13, 0.42)(-0.19, -0.11, 0.47)(-0.18, -0.14, 0.49)(-0.17, -0.14, 0.48)(-0.17, -0.14, 0.46)(-0.19, -0.14, 0.42)(-0.21, -0.12, 0.47)(-0.20, -0.13, 0.49)(-0.19, -0.14, 0.48)(-0.19, -0.14, 0.46)
(-0.22, -0.13, 0.40)(-0.23, -0.12, 0.45)(-0.20, -0.13, 0.42)(-0.17, -0.12, 0.45)(-0.14, -0.12, 0.47)(-0.13, -0.11, 0.48)(-0.21, -0.13, 0.42)(-0.20, -0.10, 0.48)(-0.20, -0.13, 0.50)(-0.20, -0.14, 0.48)(-0.20, -0.13, 0.46)(-0.22, -0.13, 0.42)(-0.22, -0.10, 0.47)(-0.22, -0.13, 0.50)(-0.21, -0.15, 0.47)(-0.21, -0.14, 0.46)(-0.23, -0.13, 0.42)(-0.24, -0.11, 0.47)(-0.24, -0.14, 0.49)(-0.23, -0.15, 0.47)(-0.22, -0.14, 0.46)(-0.24, -0.13, 0.42)(-0.26, -0.12, 0.47)(-0.26, -0.14, 0.48)(-0.25, -0.15, 0.47)(-0.24, -0.14, 0.46)
(-0.22, -0.13, 0.40)(-0.23, -0.12, 0.45)(-0.20, -0.13, 0.42)(-0.17, -0.12, 0.45)(-0.14, -0.12, 0.47)(-0.13, -0.11, 0.48)(-0.21, -0.13, 0.42)(-0.20, -0.10, 0.48)(-0.20, -0.13, 0.50)(-0.20, -0.14, 0.48)(-0.20, -0.13, 0.46)(-0.22, -0.13, 0.42)(-0.22, -0.10, 0.47)(-0.22, -0.13, 0.50)(-0.21, -0.15, 0.47)(-0.21, -0.14, 0.46)(-0.23, -0.13, 0.42)(-0.24, -0.11, 0.47)(-0.24, -0.14, 0.49)(-0.23, -0.15, 0.47)(-0.22, -0.14, 0.46)(-0.24, -0.13, 0.42)(-0.26, -0.12, 0.47)(-0.26, -0.14, 0.48)(-0.25, -0.15, 0.47)(-0.24, -0.14, 0.46)
(-0.03, -0.15, 0.38)(-0.03, -0.12, 0.42)(-0.01, -0.14, 0.39)(0.03, -0.14, 0.41)(0.05, -0.13, 0.43)(0.07, -0.13, 0.43)(-0.02, -0.14, 0.39)(0.00, -0.11, 0.44)(0.00, -0.14, 0.46)(-0.01, -0.15, 0.44)(-0.01, -0.14, 0.43)(-0.03, -0.14, 0.39)(-0.02, -0.11, 0.44)(-0.02, -0.14, 0.47)(-0.02, -0.15, 0.44)(-0.02, -0.14, 0.43)(-0.04, -0.14, 0.39)(-0.04, -0.12, 0.44)(-0.04, -0.14, 0.47)(-0.03, -0.15, 0.45)(-0.03, -0.14, 0.43)(-0.05, -0.14, 0.39)(-0.06, -0.13, 0.44)(-0.06, -0.14, 0.46)(-0.05, -0.15, 0.44)(-0.04, -0.15, 0.43)
(-0.04, -0.14, 0.37)(-0.03, -0.12, 0.42)(-0.01, -0.14, 0.39)(0.03, -0.14, 0.41)(0.05, -0.13, 0.42)(0.07, -0.13, 0.42)(-0.02, -0.14, 0.39)(0.00, -0.11, 0.44)(0.01, -0.14, 0.46)(0.00, -0.15, 0.44)(-0.01, -0.14, 0.42)(-0.03, -0.14, 0.39)(-0.02, -0.11, 0.44)(-0.01, -0.14, 0.46)(-0.02, -0.15, 0.44)(-0.02, -0.14, 0.42)(-0.04, -0.14, 0.39)(-0.04, -0.12, 0.44)(-0.03, -0.14, 0.46)(-0.03, -0.15, 0.44)(-0.03, -0.14, 0.43)(-0.05, -0.14, 0.39)(-0.06, -0.12, 0.44)(-0.06, -0.14, 0.46)(-0.05, -0.15, 0.44)(-0.04, -0.15, 0.43)
(-0.08, -0.14, 0.38)(-0.07, -0.12, 0.43)(-0.05, -0.14, 0.40)(-0.01, -0.13, 0.41)(0.01, -0.13, 0.43)(0.03, -0.13, 0.43)(-0.06, -0.13, 0.40)(-0.04, -0.11, 0.45)(-0.03, -0.13, 0.47)(-0.04, -0.14, 0.45)(-0.05, -0.14, 0.43)(-0.07, -0.13, 0.40)(-0.06, -0.10, 0.45)(-0.05, -0.14, 0.47)(-0.06, -0.15, 0.45)(-0.06, -0.14, 0.43)(-0.08, -0.13, 0.40)(-0.08, -0.11, 0.45)(-0.07, -0.14, 0.47)(-0.07, -0.15, 0.45)(-0.07, -0.14, 0.44)(-0.09, -0.14, 0.40)(-0.10, -0.12, 0.45)(-0.10, -0.13, 0.47)(-0.09, -0.14, 0.45)(-0.08, -0.14, 0.44)
(-0.18, -0.14, 0.40)(-0.18, -0.12, 0.45)(-0.16, -0.14, 0.42)(-0.12, -0.13, 0.44)(-0.09, -0.13, 0.46)(-0.07, -0.13, 0.46)(-0.17, -0.14, 0.42)(-0.15, -0.11, 0.47)(-0.14, -0.14, 0.49)(-0.15, -0.15, 0.47)(-0.15, -0.14, 0.46)(-0.17, -0.14, 0.42)(-0.17, -0.11, 0.47)(-0.17, -0.14, 0.49)(-0.16, -0.15, 0.47)(-0.16, -0.14, 0.45)(-0.19, -0.14, 0.42)(-0.19, -0.12, 0.47)(-0.19, -0.14, 0.49)(-0.18, -0.15, 0.47)(-0.17, -0.14, 0.45)(-0.19, -0.14, 0.42)(-0.21, -0.13, 0.47)(-0.21, -0.14, 0.48)(-0.20, -0.15, 0.47)(-0.19, -0.15, 0.46)
(-0.21, -0.14, 0.40)(-0.22, -0.12, 0.45)(-0.19, -0.14, 0.42)(-0.16, -0.13, 0.45)(-0.13, -0.13, 0.47)(-0.12, -0.13, 0.48)(-0.20, -0.14, 0.42)(-0.19, -0.11, 0.48)(-0.19, -0.14, 0.50)(-0.19, -0.15, 0.47)(-0.19, -0.14, 0.46)(-0.21, -0.14, 0.42)(-0.21, -0.11, 0.47)(-0.21, -0.15, 0.49)(-0.21, -0.15, 0.47)(-0.20, -0.14, 0.45)(-0.22, -0.14, 0.42)(-0.23, -0.12, 0.47)(-0.23, -0.15, 0.49)(-0.22, -0.15, 0.47)(-0.21, -0.15, 0.45)(-0.23, -0.14, 0.42)(-0.25, -0.13, 0.46)(-0.25, -0.15, 0.48)(-0.24, -0.15, 0.47)(-0.23, -0.15, 0.46)
(-0.17, -0.14, 0.40)(-0.18, -0.12, 0.44)(-0.15, -0.14, 0.42)(-0.12, -0.13, 0.45)(-0.10, -0.13, 0.47)(-0.08, -0.13, 0.47)(-0.16, -0.14, 0.42)(-0.16, -0.11, 0.47)(-0.16, -0.14, 0.49)(-0.16, -0.15, 0.47)(-0.16, -0.14, 0.46)(-0.17, -0.14, 0.42)(-0.18, -0.11, 0.47)(-0.18, -0.14, 0.49)(-0.17, -0.15, 0.47)(-0.17, -0.14, 0.45)(-0.18, -0.14, 0.41)(-0.20, -0.12, 0.46)(-0.20, -0.15, 0.49)(-0.18, -0.15, 0.47)(-0.18, -0.15, 0.45)(-0.19, -0.14, 0.41)(-0.21, -0.13, 0.46)(-0.22, -0.14, 0.47)(-0.20, -0.15, 0.46)(-0.19, -0.15, 0.45)
(-0.09, -0.15, 0.38)(-0.09, -0.12, 0.42)(-0.07, -0.14, 0.40)(-0.03, -0.14, 0.42)(0.00, -0.14, 0.43)(0.02, -0.13, 0.43)(-0.08, -0.14, 0.40)(-0.06, -0.11, 0.45)(-0.05, -0.14, 0.47)(-0.06, -0.15, 0.45)(-0.06, -0.14, 0.44)(-0.09, -0.14, 0.40)(-0.08, -0.11, 0.45)(-0.07, -0.14, 0.47)(-0.07, -0.15, 0.45)(-0.08, -0.14, 0.43)(-0.10, -0.14, 0.40)(-0.10, -0.11, 0.45)(-0.09, -0.14, 0.47)(-0.09, -0.15, 0.45)(-0.09, -0.14, 0.44)(-0.11, -0.14, 0.40)(-0.12, -0.12, 0.45)(-0.12, -0.13, 0.47)(-0.11, -0.15, 0.45)(-0.10, -0.14, 0.44)
(-0.09, -0.15, 0.38)(-0.09, -0.12, 0.42)(-0.07, -0.14, 0.40)(-0.03, -0.14, 0.42)(0.00, -0.14, 0.43)(0.02, -0.13, 0.43)(-0.08, -0.14, 0.40)(-0.06, -0.11, 0.45)(-0.05, -0.14, 0.47)(-0.06, -0.15, 0.45)(-0.06, -0.14, 0.44)(-0.09, -0.14, 0.40)(-0.08, -0.11, 0.45)(-0.07, -0.14, 0.47)(-0.07, -0.15, 0.45)(-0.08, -0.14, 0.43)(-0.10, -0.14, 0.40)(-0.10, -0.11, 0.45)(-0.09, -0.14, 0.47)(-0.09, -0.15, 0.45)(-0.09, -0.14, 0.44)(-0.11, -0.14, 0.40)(-0.12, -0.12, 0.45)(-0.12, -0.13, 0.47)(-0.11, -0.15, 0.45)(-0.10, -0.14, 0.44)
(-0.09, -0.14, 0.38)(-0.08, -0.12, 0.42)(-0.07, -0.14, 0.39)(-0.03, -0.14, 0.41)(0.00, -0.14, 0.42)(0.02, -0.13, 0.42)(-0.08, -0.14, 0.39)(-0.05, -0.11, 0.44)(-0.04, -0.13, 0.46)(-0.05, -0.15, 0.45)(-0.06, -0.14, 0.43)(-0.08, -0.14, 0.40)(-0.07, -0.10, 0.44)(-0.06, -0.13, 0.47)(-0.07, -0.15, 0.44)(-0.07, -0.14, 0.43)(-0.09, -0.14, 0.40)(-0.09, -0.11, 0.44)(-0.08, -0.14, 0.47)(-0.08, -0.15, 0.45)(-0.08, -0.14, 0.43)(-0.10, -0.14, 0.40)(-0.11, -0.12, 0.44)(-0.11, -0.13, 0.46)(-0.10, -0.14, 0.45)(-0.09, -0.14, 0.44)
(-0.18, -0.14, 0.40)(-0.19, -0.12, 0.44)(-0.16, -0.14, 0.42)(-0.13, -0.13, 0.44)(-0.10, -0.13, 0.46)(-0.08, -0.12, 0.47)(-0.17, -0.13, 0.42)(-0.16, -0.10, 0.47)(-0.16, -0.13, 0.49)(-0.16, -0.14, 0.47)(-0.16, -0.14, 0.45)(-0.18, -0.13, 0.42)(-0.18, -0.10, 0.46)(-0.18, -0.14, 0.49)(-0.17, -0.15, 0.46)(-0.17, -0.14, 0.45)(-0.19, -0.13, 0.42)(-0.20, -0.11, 0.46)(-0.20, -0.14, 0.49)(-0.19, -0.15, 0.47)(-0.18, -0.14, 0.45)(-0.20, -0.14, 0.41)(-0.22, -0.12, 0.46)(-0.22, -0.13, 0.48)(-0.21, -0.14, 0.46)(-0.20, -0.14, 0.45)
(-0.18, -0.14, 0.39)(-0.19, -0.12, 0.44)(-0.16, -0.14, 0.41)(-0.13, -0.13, 0.44)(-0.10, -0.12, 0.46)(-0.08, -0.12, 0.47)(-0.17, -0.13, 0.41)(-0.16, -0.10, 0.46)(-0.16, -0.13, 0.49)(-0.16, -0.14, 0.47)(-0.16, -0.14, 0.45)(-0.18, -0.13, 0.41)(-0.18, -0.10, 0.46)(-0.18, -0.13, 0.49)(-0.18, -0.14, 0.46)(-0.17, -0.14, 0.45)(-0.19, -0.13, 0.41)(-0.20, -0.11, 0.45)(-0.20, -0.13, 0.48)(-0.19, -0.14, 0.46)(-0.18, -0.14, 0.45)(-0.20, -0.13, 0.41)(-0.22, -0.12, 0.45)(-0.22, -0.13, 0.47)(-0.21, -0.14, 0.46)(-0.20, -0.14, 0.45)
(-0.18, -0.14, 0.39)(-0.19, -0.12, 0.44)(-0.16, -0.14, 0.41)(-0.13, -0.13, 0.44)(-0.10, -0.12, 0.46)(-0.08, -0.12, 0.47)(-0.17, -0.13, 0.41)(-0.16, -0.10, 0.46)(-0.16, -0.13, 0.49)(-0.16, -0.14, 0.47)(-0.16, -0.14, 0.45)(-0.18, -0.13, 0.41)(-0.18, -0.10, 0.46)(-0.18, -0.13, 0.49)(-0.18, -0.14, 0.46)(-0.17, -0.14, 0.45)(-0.19, -0.13, 0.41)(-0.20, -0.11, 0.45)(-0.20, -0.13, 0.48)(-0.19, -0.14, 0.46)(-0.18, -0.14, 0.45)(-0.20, -0.13, 0.41)(-0.22, -0.12, 0.45)(-0.22, -0.13, 0.47)(-0.21, -0.14, 0.46)(-0.20, -0.14, 0.45)
(-0.10, -0.13, 0.38)(-0.11, -0.11, 0.43)(-0.08, -0.13, 0.40)(-0.05, -0.13, 0.42)(-0.02, -0.12, 0.44)(0.00, -0.12, 0.44)(-0.09, -0.13, 0.40)(-0.07, -0.10, 0.45)(-0.07, -0.12, 0.47)(-0.08, -0.14, 0.45)(-0.08, -0.13, 0.44)(-0.10, -0.13, 0.40)(-0.10, -0.10, 0.45)(-0.09, -0.13, 0.48)(-0.09, -0.14, 0.45)(-0.09, -0.13, 0.44)(-0.11, -0.13, 0.40)(-0.11, -0.10, 0.45)(-0.11, -0.13, 0.47)(-0.11, -0.14, 0.45)(-0.10, -0.13, 0.44)(-0.12, -0.13, 0.40)(-0.13, -0.11, 0.45)(-0.14, -0.12, 0.46)(-0.13, -0.14, 0.45)(-0.12, -0.13, 0.44)
(-0.06, -0.13, 0.37)(-0.06, -0.11, 0.41)(-0.04, -0.13, 0.39)(0.00, -0.13, 0.40)(0.03, -0.12, 0.42)(0.05, -0.12, 0.42)(-0.05, -0.13, 0.39)(-0.02, -0.10, 0.43)(-0.02, -0.12, 0.46)(-0.03, -0.13, 0.44)(-0.03, -0.13, 0.42)(-0.06, -0.13, 0.39)(-0.05, -0.09, 0.43)(-0.04, -0.12, 0.46)(-0.04, -0.14, 0.44)(-0.04, -0.13, 0.42)(-0.07, -0.13, 0.39)(-0.06, -0.10, 0.43)(-0.06, -0.12, 0.46)(-0.06, -0.13, 0.44)(-0.05, -0.13, 0.42)(-0.08, -0.13, 0.39)(-0.08, -0.11, 0.44)(-0.08, -0.12, 0.45)(-0.08, -0.13, 0.44)(-0.07, -0.13, 0.43)
(-0.07, -0.13, 0.38)(-0.06, -0.11, 0.42)(-0.05, -0.13, 0.39)(-0.01, -0.13, 0.41)(0.02, -0.13, 0.42)(0.04, -0.13, 0.42)(-0.06, -0.13, 0.40)(-0.03, -0.10, 0.44)(-0.03, -0.13, 0.46)(-0.04, -0.14, 0.45)(-0.04, -0.13, 0.43)(-0.06, -0.13, 0.40)(-0.05, -0.10, 0.44)(-0.05, -0.13, 0.47)(-0.05, -0.14, 0.44)(-0.05, -0.13, 0.43)(-0.08, -0.13, 0.40)(-0.07, -0.10, 0.44)(-0.07, -0.13, 0.47)(-0.06, -0.14, 0.45)(-0.06, -0.13, 0.43)(-0.08, -0.13, 0.40)(-0.09, -0.11, 0.44)(-0.09, -0.12, 0.46)(-0.08, -0.13, 0.45)(-0.08, -0.13, 0.44)
(-0.15, -0.14, 0.40)(-0.15, -0.12, 0.44)(-0.12, -0.14, 0.41)(-0.09, -0.14, 0.43)(-0.06, -0.14, 0.45)(-0.04, -0.13, 0.45)(-0.14, -0.14, 0.42)(-0.11, -0.11, 0.46)(-0.11, -0.14, 0.49)(-0.12, -0.15, 0.47)(-0.12, -0.14, 0.45)(-0.14, -0.14, 0.42)(-0.13, -0.11, 0.46)(-0.13, -0.14, 0.49)(-0.13, -0.15, 0.46)(-0.13, -0.14, 0.45)(-0.15, -0.14, 0.42)(-0.15, -0.11, 0.46)(-0.15, -0.14, 0.49)(-0.15, -0.15, 0.47)(-0.14, -0.14, 0.45)(-0.16, -0.14, 0.42)(-0.17, -0.12, 0.46)(-0.17, -0.13, 0.48)(-0.17, -0.14, 0.47)(-0.16, -0.14, 0.46)
(-0.24, -0.15, 0.39)(-0.25, -0.13, 0.44)(-0.22, -0.15, 0.41)(-0.19, -0.14, 0.44)(-0.16, -0.14, 0.46)(-0.15, -0.14, 0.47)(-0.23, -0.15, 0.41)(-0.22, -0.12, 0.47)(-0.22, -0.15, 0.49)(-0.22, -0.16, 0.47)(-0.22, -0.15, 0.45)(-0.24, -0.15, 0.41)(-0.24, -0.12, 0.46)(-0.24, -0.15, 0.49)(-0.24, -0.16, 0.46)(-0.23, -0.15, 0.45)(-0.25, -0.15, 0.41)(-0.26, -0.13, 0.45)(-0.26, -0.15, 0.48)(-0.25, -0.16, 0.46)(-0.24, -0.15, 0.45)(-0.26, -0.15, 0.41)(-0.28, -0.14, 0.45)(-0.28, -0.15, 0.47)(-0.27, -0.16, 0.46)(-0.26, -0.16, 0.45)
(-0.25, -0.16, 0.39)(-0.26, -0.14, 0.44)(-0.23, -0.16, 0.42)(-0.20, -0.15, 0.44)(-0.17, -0.15, 0.46)(-0.16, -0.14, 0.47)(-0.24, -0.16, 0.41)(-0.23, -0.13, 0.47)(-0.23, -0.15, 0.49)(-0.24, -0.17, 0.47)(-0.23, -0.16, 0.45)(-0.25, -0.16, 0.41)(-0.25, -0.13, 0.46)(-0.25, -0.16, 0.49)(-0.25, -0.17, 0.46)(-0.24, -0.16, 0.45)(-0.26, -0.16, 0.41)(-0.27, -0.13, 0.46)(-0.27, -0.16, 0.48)(-0.26, -0.17, 0.46)(-0.25, -0.16, 0.45)(-0.27, -0.16, 0.41)(-0.29, -0.14, 0.45)(-0.29, -0.16, 0.47)(-0.28, -0.17, 0.46)(-0.27, -0.17, 0.45)
(-0.17, -0.16, 0.40)(-0.18, -0.14, 0.44)(-0.15, -0.16, 0.42)(-0.12, -0.15, 0.45)(-0.10, -0.15, 0.47)(-0.08, -0.14, 0.47)(-0.16, -0.16, 0.42)(-0.15, -0.13, 0.47)(-0.15, -0.15, 0.49)(-0.16, -0.17, 0.47)(-0.16, -0.16, 0.46)(-0.17, -0.16, 0.42)(-0.17, -0.13, 0.46)(-0.18, -0.16, 0.49)(-0.17, -0.17, 0.47)(-0.17, -0.16, 0.45)(-0.18, -0.16, 0.42)(-0.19, -0.13, 0.46)(-0.19, -0.16, 0.49)(-0.18, -0.17, 0.47)(-0.18, -0.16, 0.45)(-0.19, -0.16, 0.41)(-0.21, -0.14, 0.46)(-0.21, -0.16, 0.47)(-0.20, -0.17, 0.46)(-0.19, -0.17, 0.45)
(-0.10, -0.16, 0.40)(-0.10, -0.13, 0.44)(-0.08, -0.16, 0.41)(-0.04, -0.15, 0.43)(-0.02, -0.14, 0.45)(0.00, -0.14, 0.45)(-0.09, -0.15, 0.42)(-0.07, -0.12, 0.46)(-0.07, -0.15, 0.49)(-0.07, -0.16, 0.47)(-0.08, -0.16, 0.45)(-0.10, -0.15, 0.42)(-0.09, -0.12, 0.46)(-0.09, -0.15, 0.49)(-0.09, -0.16, 0.47)(-0.09, -0.15, 0.45)(-0.11, -0.15, 0.42)(-0.11, -0.13, 0.46)(-0.11, -0.15, 0.49)(-0.10, -0.16, 0.47)(-0.10, -0.16, 0.45)(-0.12, -0.15, 0.42)(-0.13, -0.13, 0.46)(-0.13, -0.15, 0.48)(-0.12, -0.16, 0.47)(-0.11, -0.16, 0.46)
(-0.04, -0.15, 0.39)(-0.04, -0.13, 0.43)(-0.02, -0.15, 0.40)(0.02, -0.14, 0.42)(0.05, -0.14, 0.43)(0.07, -0.13, 0.43)(-0.03, -0.15, 0.41)(0.00, -0.12, 0.45)(0.00, -0.14, 0.47)(-0.01, -0.15, 0.46)(-0.01, -0.15, 0.44)(-0.04, -0.14, 0.41)(-0.02, -0.11, 0.45)(-0.02, -0.14, 0.48)(-0.02, -0.16, 0.46)(-0.02, -0.15, 0.44)(-0.05, -0.14, 0.41)(-0.04, -0.12, 0.45)(-0.04, -0.14, 0.48)(-0.03, -0.15, 0.46)(-0.03, -0.15, 0.44)(-0.06, -0.14, 0.41)(-0.06, -0.12, 0.46)(-0.06, -0.14, 0.47)(-0.05, -0.15, 0.46)(-0.05, -0.15, 0.45)
(-0.04, -0.15, 0.38)(-0.03, -0.12, 0.41)(-0.02, -0.15, 0.39)(0.02, -0.14, 0.40)(0.05, -0.13, 0.40)(0.07, -0.13, 0.41)(-0.03, -0.15, 0.39)(0.01, -0.11, 0.42)(0.02, -0.13, 0.45)(0.00, -0.14, 0.44)(0.00, -0.14, 0.42)(-0.04, -0.14, 0.39)(-0.01, -0.11, 0.43)(0.00, -0.13, 0.46)(-0.01, -0.15, 0.44)(-0.02, -0.14, 0.42)(-0.05, -0.14, 0.40)(-0.03, -0.11, 0.43)(-0.02, -0.13, 0.46)(-0.02, -0.14, 0.44)(-0.03, -0.14, 0.42)(-0.05, -0.14, 0.40)(-0.05, -0.12, 0.44)(-0.05, -0.13, 0.46)(-0.04, -0.14, 0.45)(-0.04, -0.14, 0.43)
(-0.10, -0.17, 0.39)(-0.09, -0.14, 0.42)(-0.08, -0.16, 0.40)(-0.04, -0.15, 0.41)(-0.01, -0.14, 0.42)(0.01, -0.14, 0.42)(-0.09, -0.16, 0.40)(-0.05, -0.12, 0.43)(-0.04, -0.14, 0.46)(-0.06, -0.15, 0.45)(-0.06, -0.15, 0.43)(-0.09, -0.16, 0.40)(-0.08, -0.12, 0.44)(-0.07, -0.14, 0.47)(-0.07, -0.16, 0.45)(-0.07, -0.15, 0.43)(-0.10, -0.16, 0.40)(-0.09, -0.12, 0.44)(-0.08, -0.15, 0.47)(-0.08, -0.16, 0.45)(-0.08, -0.15, 0.43)(-0.11, -0.16, 0.41)(-0.11, -0.13, 0.45)(-0.11, -0.14, 0.47)(-0.10, -0.15, 0.46)(-0.10, -0.15, 0.44)
(-0.18, -0.18, 0.42)(-0.18, -0.15, 0.45)(-0.16, -0.18, 0.43)(-0.12, -0.17, 0.45)(-0.10, -0.16, 0.47)(-0.08, -0.15, 0.47)(-0.17, -0.17, 0.43)(-0.15, -0.14, 0.47)(-0.14, -0.15, 0.50)(-0.15, -0.17, 0.49)(-0.15, -0.17, 0.47)(-0.18, -0.17, 0.43)(-0.17, -0.13, 0.47)(-0.16, -0.16, 0.50)(-0.16, -0.18, 0.48)(-0.16, -0.17, 0.46)(-0.19, -0.17, 0.43)(-0.19, -0.14, 0.47)(-0.18, -0.16, 0.50)(-0.18, -0.17, 0.48)(-0.18, -0.17, 0.47)(-0.20, -0.17, 0.43)(-0.20, -0.15, 0.48)(-0.20, -0.16, 0.50)(-0.20, -0.17, 0.48)(-0.19, -0.17, 0.47)
(-0.20, -0.19, 0.42)(-0.20, -0.16, 0.46)(-0.18, -0.18, 0.43)(-0.15, -0.17, 0.46)(-0.12, -0.17, 0.48)(-0.11, -0.16, 0.48)(-0.19, -0.18, 0.43)(-0.17, -0.15, 0.48)(-0.17, -0.17, 0.51)(-0.18, -0.18, 0.49)(-0.18, -0.18, 0.47)(-0.20, -0.18, 0.43)(-0.20, -0.15, 0.48)(-0.19, -0.17, 0.51)(-0.19, -0.19, 0.48)(-0.19, -0.18, 0.47)(-0.21, -0.18, 0.43)(-0.21, -0.15, 0.48)(-0.21, -0.18, 0.50)(-0.21, -0.19, 0.48)(-0.20, -0.18, 0.47)(-0.22, -0.18, 0.43)(-0.23, -0.16, 0.48)(-0.23, -0.17, 0.49)(-0.22, -0.18, 0.48)(-0.21, -0.18, 0.47)
(-0.13, -0.20, 0.39)(-0.13, -0.17, 0.43)(-0.11, -0.20, 0.41)(-0.07, -0.19, 0.43)(-0.04, -0.18, 0.45)(-0.03, -0.17, 0.45)(-0.12, -0.19, 0.41)(-0.09, -0.16, 0.45)(-0.09, -0.18, 0.48)(-0.10, -0.19, 0.46)(-0.10, -0.19, 0.45)(-0.13, -0.19, 0.41)(-0.12, -0.15, 0.45)(-0.12, -0.18, 0.48)(-0.12, -0.19, 0.46)(-0.11, -0.19, 0.44)(-0.14, -0.19, 0.41)(-0.13, -0.16, 0.45)(-0.13, -0.18, 0.48)(-0.13, -0.19, 0.46)(-0.13, -0.19, 0.44)(-0.15, -0.19, 0.41)(-0.15, -0.16, 0.45)(-0.15, -0.18, 0.47)(-0.15, -0.19, 0.46)(-0.14, -0.19, 0.45)
(-0.07, -0.20, 0.37)(-0.06, -0.17, 0.41)(-0.05, -0.20, 0.39)(-0.01, -0.19, 0.40)(0.02, -0.18, 0.41)(0.04, -0.18, 0.41)(-0.06, -0.19, 0.39)(-0.03, -0.15, 0.42)(-0.02, -0.17, 0.45)(-0.03, -0.19, 0.44)(-0.04, -0.19, 0.42)(-0.07, -0.19, 0.39)(-0.05, -0.15, 0.42)(-0.04, -0.17, 0.46)(-0.05, -0.19, 0.43)(-0.05, -0.18, 0.42)(-0.08, -0.19, 0.39)(-0.07, -0.15, 0.43)(-0.06, -0.17, 0.46)(-0.06, -0.19, 0.44)(-0.06, -0.18, 0.42)(-0.09, -0.19, 0.39)(-0.09, -0.16, 0.43)(-0.08, -0.17, 0.45)(-0.08, -0.18, 0.44)(-0.07, -0.18, 0.43)
(-0.08, -0.19, 0.37)(-0.07, -0.16, 0.40)(-0.06, -0.19, 0.38)(-0.02, -0.19, 0.39)(0.01, -0.18, 0.40)(0.03, -0.18, 0.40)(-0.07, -0.19, 0.38)(-0.03, -0.15, 0.42)(-0.03, -0.17, 0.44)(-0.04, -0.18, 0.43)(-0.05, -0.18, 0.41)(-0.07, -0.18, 0.38)(-0.05, -0.14, 0.42)(-0.05, -0.17, 0.45)(-0.06, -0.19, 0.43)(-0.06, -0.18, 0.41)(-0.09, -0.18, 0.38)(-0.07, -0.15, 0.42)(-0.07, -0.17, 0.45)(-0.07, -0.18, 0.43)(-0.07, -0.18, 0.41)(-0.09, -0.18, 0.39)(-0.09, -0.15, 0.43)(-0.09, -0.16, 0.45)(-0.09, -0.17, 0.43)(-0.08, -0.18, 0.42)
(-0.15, -0.19, 0.38)(-0.14, -0.16, 0.42)(-0.13, -0.19, 0.40)(-0.09, -0.18, 0.41)(-0.06, -0.17, 0.43)(-0.04, -0.17, 0.43)(-0.14, -0.18, 0.40)(-0.11, -0.14, 0.43)(-0.11, -0.16, 0.46)(-0.12, -0.18, 0.45)(-0.12, -0.18, 0.43)(-0.15, -0.18, 0.40)(-0.13, -0.14, 0.43)(-0.13, -0.16, 0.47)(-0.13, -0.18, 0.44)(-0.13, -0.17, 0.43)(-0.16, -0.18, 0.40)(-0.15, -0.14, 0.43)(-0.15, -0.16, 0.46)(-0.15, -0.17, 0.45)(-0.14, -0.17, 0.43)(-0.17, -0.18, 0.40)(-0.17, -0.14, 0.44)(-0.17, -0.16, 0.46)(-0.16, -0.17, 0.45)(-0.16, -0.17, 0.43)
(-0.23, -0.18, 0.39)(-0.23, -0.15, 0.43)(-0.21, -0.18, 0.41)(-0.17, -0.17, 0.43)(-0.15, -0.16, 0.45)(-0.13, -0.16, 0.46)(-0.22, -0.17, 0.41)(-0.20, -0.14, 0.45)(-0.20, -0.16, 0.48)(-0.21, -0.17, 0.46)(-0.21, -0.17, 0.44)(-0.22, -0.17, 0.41)(-0.22, -0.13, 0.45)(-0.22, -0.16, 0.48)(-0.22, -0.18, 0.45)(-0.22, -0.17, 0.44)(-0.23, -0.17, 0.40)(-0.24, -0.14, 0.44)(-0.24, -0.16, 0.47)(-0.23, -0.17, 0.45)(-0.23, -0.17, 0.44)(-0.24, -0.17, 0.40)(-0.26, -0.15, 0.44)(-0.26, -0.16, 0.46)(-0.25, -0.17, 0.45)(-0.24, -0.17, 0.44)
(-0.23, -0.18, 0.39)(-0.24, -0.15, 0.43)(-0.21, -0.18, 0.41)(-0.18, -0.17, 0.44)(-0.16, -0.16, 0.46)(-0.14, -0.16, 0.47)(-0.22, -0.17, 0.41)(-0.21, -0.14, 0.46)(-0.22, -0.17, 0.48)(-0.22, -0.18, 0.46)(-0.22, -0.17, 0.45)(-0.23, -0.17, 0.41)(-0.23, -0.14, 0.45)(-0.24, -0.17, 0.48)(-0.23, -0.18, 0.45)(-0.23, -0.17, 0.44)(-0.24, -0.17, 0.41)(-0.25, -0.14, 0.45)(-0.26, -0.17, 0.47)(-0.25, -0.18, 0.45)(-0.24, -0.17, 0.44)(-0.25, -0.17, 0.40)(-0.27, -0.15, 0.45)(-0.28, -0.17, 0.46)(-0.26, -0.18, 0.45)(-0.25, -0.17, 0.44)
(-0.15, -0.20, 0.39)(-0.15, -0.17, 0.43)(-0.13, -0.20, 0.41)(-0.10, -0.19, 0.43)(-0.07, -0.18, 0.45)(-0.05, -0.18, 0.46)(-0.14, -0.19, 0.41)(-0.12, -0.16, 0.46)(-0.13, -0.18, 0.48)(-0.13, -0.20, 0.46)(-0.13, -0.19, 0.45)(-0.15, -0.19, 0.41)(-0.14, -0.16, 0.45)(-0.15, -0.18, 0.48)(-0.15, -0.20, 0.46)(-0.14, -0.19, 0.44)(-0.16, -0.19, 0.41)(-0.16, -0.16, 0.45)(-0.17, -0.19, 0.48)(-0.16, -0.20, 0.46)(-0.15, -0.19, 0.44)(-0.17, -0.19, 0.41)(-0.18, -0.17, 0.45)(-0.19, -0.18, 0.47)(-0.18, -0.19, 0.46)(-0.17, -0.19, 0.45)
(-0.15, -0.20, 0.39)(-0.15, -0.17, 0.43)(-0.13, -0.19, 0.41)(-0.09, -0.19, 0.43)(-0.06, -0.18, 0.44)(-0.04, -0.18, 0.45)(-0.14, -0.19, 0.41)(-0.11, -0.15, 0.45)(-0.11, -0.18, 0.48)(-0.12, -0.19, 0.46)(-0.12, -0.19, 0.44)(-0.14, -0.19, 0.41)(-0.13, -0.15, 0.45)(-0.13, -0.18, 0.48)(-0.14, -0.19, 0.45)(-0.13, -0.18, 0.44)(-0.16, -0.19, 0.41)(-0.15, -0.16, 0.45)(-0.15, -0.18, 0.47)(-0.15, -0.19, 0.46)(-0.14, -0.18, 0.44)(-0.16, -0.19, 0.41)(-0.17, -0.16, 0.45)(-0.17, -0.17, 0.47)(-0.16, -0.19, 0.46)(-0.16, -0.18, 0.44)
(-0.20, -0.19, 0.39)(-0.20, -0.16, 0.43)(-0.18, -0.19, 0.41)(-0.14, -0.18, 0.43)(-0.12, -0.17, 0.45)(-0.10, -0.17, 0.45)(-0.19, -0.19, 0.41)(-0.17, -0.15, 0.45)(-0.17, -0.17, 0.48)(-0.18, -0.19, 0.46)(-0.18, -0.18, 0.44)(-0.20, -0.18, 0.41)(-0.19, -0.15, 0.45)(-0.19, -0.18, 0.48)(-0.19, -0.19, 0.45)(-0.19, -0.18, 0.44)(-0.21, -0.18, 0.41)(-0.21, -0.15, 0.45)(-0.21, -0.18, 0.48)(-0.20, -0.19, 0.46)(-0.20, -0.18, 0.44)(-0.22, -0.19, 0.41)(-0.23, -0.16, 0.45)(-0.23, -0.17, 0.47)(-0.22, -0.18, 0.46)(-0.21, -0.18, 0.44)
(-0.23, -0.19, 0.39)(-0.24, -0.17, 0.43)(-0.21, -0.19, 0.41)(-0.18, -0.18, 0.44)(-0.16, -0.18, 0.46)(-0.14, -0.17, 0.47)(-0.22, -0.19, 0.41)(-0.21, -0.16, 0.46)(-0.21, -0.18, 0.48)(-0.22, -0.19, 0.46)(-0.22, -0.19, 0.45)(-0.23, -0.19, 0.41)(-0.23, -0.15, 0.45)(-0.23, -0.18, 0.48)(-0.23, -0.20, 0.46)(-0.23, -0.19, 0.44)(-0.24, -0.19, 0.41)(-0.25, -0.16, 0.45)(-0.25, -0.19, 0.47)(-0.24, -0.19, 0.46)(-0.24, -0.19, 0.44)(-0.25, -0.19, 0.41)(-0.27, -0.17, 0.45)(-0.27, -0.18, 0.46)(-0.26, -0.19, 0.45)(-0.25, -0.19, 0.44)
(-0.22, -0.20, 0.40)(-0.23, -0.17, 0.44)(-0.20, -0.19, 0.42)(-0.17, -0.18, 0.44)(-0.15, -0.18, 0.46)(-0.13, -0.17, 0.47)(-0.21, -0.19, 0.42)(-0.20, -0.16, 0.46)(-0.20, -0.18, 0.49)(-0.21, -0.19, 0.47)(-0.21, -0.19, 0.45)(-0.22, -0.19, 0.41)(-0.22, -0.15, 0.46)(-0.22, -0.19, 0.49)(-0.22, -0.20, 0.46)(-0.21, -0.19, 0.45)(-0.23, -0.19, 0.41)(-0.24, -0.16, 0.45)(-0.24, -0.19, 0.48)(-0.23, -0.20, 0.46)(-0.22, -0.19, 0.44)(-0.24, -0.19, 0.41)(-0.26, -0.17, 0.45)(-0.26, -0.18, 0.47)(-0.25, -0.19, 0.46)(-0.24, -0.19, 0.45)
(-0.15, -0.20, 0.40)(-0.15, -0.17, 0.44)(-0.13, -0.20, 0.42)(-0.09, -0.19, 0.44)(-0.07, -0.18, 0.46)(-0.05, -0.18, 0.46)(-0.14, -0.20, 0.42)(-0.12, -0.16, 0.46)(-0.12, -0.18, 0.49)(-0.13, -0.20, 0.47)(-0.13, -0.19, 0.46)(-0.15, -0.19, 0.42)(-0.14, -0.16, 0.46)(-0.14, -0.19, 0.49)(-0.14, -0.20, 0.47)(-0.14, -0.19, 0.45)(-0.16, -0.19, 0.42)(-0.16, -0.16, 0.46)(-0.16, -0.19, 0.49)(-0.16, -0.20, 0.47)(-0.15, -0.19, 0.45)(-0.17, -0.19, 0.42)(-0.18, -0.17, 0.46)(-0.18, -0.19, 0.48)(-0.17, -0.20, 0.47)(-0.16, -0.20, 0.45)
(-0.14, -0.20, 0.40)(-0.14, -0.17, 0.43)(-0.12, -0.20, 0.41)(-0.08, -0.19, 0.43)(-0.05, -0.18, 0.45)(-0.03, -0.18, 0.45)(-0.13, -0.19, 0.41)(-0.10, -0.16, 0.46)(-0.10, -0.18, 0.48)(-0.11, -0.19, 0.46)(-0.11, -0.19, 0.45)(-0.13, -0.19, 0.41)(-0.13, -0.15, 0.45)(-0.13, -0.18, 0.48)(-0.13, -0.20, 0.46)(-0.12, -0.19, 0.44)(-0.15, -0.19, 0.41)(-0.14, -0.16, 0.45)(-0.14, -0.18, 0.48)(-0.14, -0.19, 0.46)(-0.13, -0.19, 0.44)(-0.15, -0.19, 0.41)(-0.16, -0.17, 0.46)(-0.16, -0.18, 0.47)(-0.16, -0.19, 0.46)(-0.15, -0.19, 0.45)
(-0.18, -0.19, 0.40)(-0.18, -0.16, 0.44)(-0.16, -0.18, 0.42)(-0.12, -0.18, 0.44)(-0.09, -0.17, 0.46)(-0.08, -0.17, 0.46)(-0.17, -0.18, 0.42)(-0.15, -0.15, 0.46)(-0.14, -0.17, 0.49)(-0.15, -0.18, 0.47)(-0.15, -0.18, 0.45)(-0.17, -0.18, 0.42)(-0.17, -0.14, 0.46)(-0.17, -0.17, 0.49)(-0.17, -0.18, 0.46)(-0.16, -0.18, 0.45)(-0.19, -0.18, 0.42)(-0.19, -0.15, 0.46)(-0.18, -0.17, 0.49)(-0.18, -0.18, 0.47)(-0.18, -0.18, 0.45)(-0.19, -0.18, 0.42)(-0.20, -0.16, 0.46)(-0.21, -0.17, 0.48)(-0.20, -0.18, 0.47)(-0.19, -0.18, 0.45)
(-0.22, -0.19, 0.41)(-0.22, -0.16, 0.45)(-0.20, -0.19, 0.43)(-0.17, -0.18, 0.45)(-0.14, -0.17, 0.47)(-0.13, -0.17, 0.48)(-0.21, -0.18, 0.43)(-0.20, -0.15, 0.47)(-0.20, -0.18, 0.50)(-0.20, -0.19, 0.48)(-0.20, -0.18, 0.46)(-0.22, -0.18, 0.42)(-0.22, -0.15, 0.47)(-0.22, -0.18, 0.50)(-0.22, -0.19, 0.47)(-0.21, -0.18, 0.46)(-0.23, -0.18, 0.42)(-0.24, -0.15, 0.46)(-0.24, -0.18, 0.49)(-0.23, -0.19, 0.47)(-0.22, -0.18, 0.45)(-0.24, -0.18, 0.42)(-0.25, -0.16, 0.46)(-0.26, -0.17, 0.48)(-0.25, -0.18, 0.47)(-0.24, -0.18, 0.46)
(-0.22, -0.19, 0.41)(-0.23, -0.17, 0.45)(-0.20, -0.19, 0.43)(-0.17, -0.18, 0.46)(-0.15, -0.17, 0.48)(-0.13, -0.17, 0.49)(-0.21, -0.18, 0.43)(-0.20, -0.15, 0.48)(-0.20, -0.18, 0.50)(-0.21, -0.19, 0.48)(-0.20, -0.19, 0.47)(-0.22, -0.18, 0.43)(-0.22, -0.15, 0.47)(-0.22, -0.18, 0.50)(-0.22, -0.19, 0.47)(-0.21, -0.18, 0.46)(-0.23, -0.18, 0.42)(-0.24, -0.16, 0.47)(-0.24, -0.19, 0.49)(-0.23, -0.19, 0.47)(-0.22, -0.19, 0.46)(-0.24, -0.18, 0.42)(-0.26, -0.16, 0.47)(-0.26, -0.18, 0.48)(-0.25, -0.19, 0.47)(-0.24, -0.19, 0.46)
(-0.12, -0.18, 0.41)(-0.12, -0.16, 0.45)(-0.10, -0.18, 0.43)(-0.07, -0.17, 0.45)(-0.04, -0.17, 0.47)(-0.02, -0.16, 0.47)(-0.11, -0.18, 0.43)(-0.09, -0.15, 0.48)(-0.09, -0.17, 0.50)(-0.10, -0.19, 0.48)(-0.10, -0.18, 0.46)(-0.12, -0.18, 0.43)(-0.11, -0.15, 0.47)(-0.12, -0.18, 0.50)(-0.11, -0.19, 0.47)(-0.11, -0.18, 0.46)(-0.13, -0.18, 0.43)(-0.13, -0.15, 0.47)(-0.13, -0.18, 0.50)(-0.13, -0.19, 0.48)(-0.12, -0.18, 0.46)(-0.14, -0.18, 0.43)(-0.15, -0.16, 0.47)(-0.15, -0.17, 0.49)(-0.14, -0.18, 0.47)(-0.13, -0.18, 0.46)
(-0.04, -0.18, 0.39)(-0.03, -0.16, 0.43)(-0.01, -0.18, 0.41)(0.03, -0.17, 0.42)(0.05, -0.17, 0.44)(0.07, -0.17, 0.44)(-0.02, -0.18, 0.41)(0.01, -0.14, 0.45)(0.01, -0.17, 0.47)(0.00, -0.18, 0.46)(-0.01, -0.18, 0.44)(-0.03, -0.17, 0.41)(-0.01, -0.14, 0.45)(-0.01, -0.17, 0.48)(-0.02, -0.18, 0.45)(-0.02, -0.17, 0.44)(-0.04, -0.17, 0.41)(-0.03, -0.14, 0.45)(-0.03, -0.17, 0.48)(-0.03, -0.18, 0.46)(-0.03, -0.17, 0.44)(-0.05, -0.17, 0.41)(-0.05, -0.15, 0.46)(-0.05, -0.16, 0.48)(-0.05, -0.17, 0.46)(-0.04, -0.17, 0.45)
(-0.06, -0.18, 0.39)(-0.05, -0.16, 0.43)(-0.04, -0.18, 0.40)(0.00, -0.18, 0.42)(0.03, -0.17, 0.43)(0.05, -0.17, 0.43)(-0.05, -0.18, 0.41)(-0.02, -0.15, 0.45)(-0.01, -0.17, 0.47)(-0.02, -0.18, 0.45)(-0.03, -0.18, 0.44)(-0.06, -0.18, 0.41)(-0.04, -0.14, 0.45)(-0.03, -0.17, 0.48)(-0.04, -0.18, 0.45)(-0.04, -0.18, 0.44)(-0.07, -0.17, 0.41)(-0.06, -0.15, 0.45)(-0.05, -0.17, 0.48)(-0.05, -0.18, 0.46)(-0.05, -0.17, 0.44)(-0.07, -0.17, 0.41)(-0.08, -0.15, 0.45)(-0.07, -0.16, 0.47)(-0.07, -0.18, 0.46)(-0.06, -0.17, 0.45)
(-0.17, -0.20, 0.41)(-0.17, -0.17, 0.45)(-0.15, -0.20, 0.43)(-0.12, -0.19, 0.45)(-0.09, -0.18, 0.47)(-0.07, -0.18, 0.48)(-0.16, -0.19, 0.43)(-0.14, -0.16, 0.48)(-0.14, -0.19, 0.50)(-0.15, -0.20, 0.48)(-0.15, -0.19, 0.47)(-0.17, -0.19, 0.43)(-0.16, -0.16, 0.47)(-0.16, -0.19, 0.50)(-0.16, -0.20, 0.48)(-0.16, -0.19, 0.46)(-0.18, -0.19, 0.43)(-0.18, -0.16, 0.47)(-0.18, -0.19, 0.50)(-0.18, -0.20, 0.48)(-0.17, -0.19, 0.46)(-0.19, -0.19, 0.43)(-0.20, -0.17, 0.47)(-0.20, -0.19, 0.49)(-0.19, -0.20, 0.48)(-0.18, -0.20, 0.47)
(-0.17, -0.20, 0.41)(-0.17, -0.17, 0.45)(-0.15, -0.20, 0.43)(-0.12, -0.19, 0.45)(-0.09, -0.18, 0.47)(-0.07, -0.18, 0.48)(-0.16, -0.19, 0.43)(-0.14, -0.16, 0.48)(-0.14, -0.19, 0.50)(-0.15, -0.20, 0.48)(-0.15, -0.19, 0.47)(-0.17, -0.19, 0.43)(-0.16, -0.16, 0.47)(-0.16, -0.19, 0.50)(-0.16, -0.20, 0.48)(-0.16, -0.19, 0.46)(-0.18, -0.19, 0.43)(-0.18, -0.16, 0.47)(-0.18, -0.19, 0.50)(-0.18, -0.20, 0.48)(-0.17, -0.19, 0.46)(-0.19, -0.19, 0.43)(-0.20, -0.17, 0.47)(-0.20, -0.19, 0.49)(-0.19, -0.20, 0.48)(-0.18, -0.20, 0.47)
(-0.23, -0.19, 0.41)(-0.25, -0.17, 0.46)(-0.22, -0.19, 0.44)(-0.19, -0.19, 0.47)(-0.17, -0.18, 0.49)(-0.15, -0.18, 0.50)(-0.23, -0.19, 0.44)(-0.22, -0.16, 0.49)(-0.22, -0.19, 0.51)(-0.23, -0.20, 0.49)(-0.22, -0.20, 0.47)(-0.24, -0.19, 0.43)(-0.24, -0.16, 0.48)(-0.24, -0.19, 0.51)(-0.24, -0.20, 0.48)(-0.23, -0.20, 0.47)(-0.25, -0.19, 0.43)(-0.26, -0.17, 0.47)(-0.26, -0.20, 0.50)(-0.25, -0.20, 0.48)(-0.24, -0.20, 0.46)(-0.26, -0.19, 0.43)(-0.28, -0.18, 0.47)(-0.28, -0.19, 0.49)(-0.27, -0.20, 0.48)(-0.26, -0.20, 0.47)
(-0.20, -0.19, 0.42)(-0.21, -0.17, 0.46)(-0.18, -0.19, 0.44)(-0.15, -0.18, 0.47)(-0.14, -0.17, 0.49)(-0.12, -0.16, 0.50)(-0.19, -0.18, 0.44)(-0.19, -0.16, 0.49)(-0.19, -0.18, 0.51)(-0.19, -0.19, 0.49)(-0.19, -0.19, 0.47)(-0.20, -0.18, 0.43)(-0.21, -0.15, 0.48)(-0.21, -0.19, 0.51)(-0.20, -0.20, 0.48)(-0.20, -0.19, 0.47)(-0.21, -0.18, 0.43)(-0.23, -0.16, 0.48)(-0.23, -0.19, 0.50)(-0.22, -0.20, 0.48)(-0.21, -0.19, 0.46)(-0.22, -0.18, 0.43)(-0.24, -0.17, 0.47)(-0.25, -0.19, 0.49)(-0.23, -0.20, 0.48)(-0.22, -0.19, 0.47)
(-0.12, -0.18, 0.42)(-0.13, -0.16, 0.46)(-0.10, -0.18, 0.44)(-0.07, -0.17, 0.47)(-0.05, -0.16, 0.49)(-0.03, -0.16, 0.49)(-0.11, -0.18, 0.44)(-0.10, -0.15, 0.49)(-0.10, -0.18, 0.51)(-0.10, -0.19, 0.49)(-0.10, -0.18, 0.48)(-0.12, -0.18, 0.44)(-0.12, -0.15, 0.48)(-0.12, -0.18, 0.51)(-0.12, -0.19, 0.49)(-0.11, -0.18, 0.47)(-0.13, -0.18, 0.43)(-0.14, -0.16, 0.48)(-0.14, -0.18, 0.50)(-0.13, -0.19, 0.49)(-0.12, -0.18, 0.47)(-0.14, -0.18, 0.43)(-0.16, -0.16, 0.48)(-0.16, -0.18, 0.49)(-0.15, -0.19, 0.48)(-0.14, -0.19, 0.47)
(-0.08, -0.19, 0.41)(-0.08, -0.16, 0.46)(-0.06, -0.19, 0.43)(-0.02, -0.18, 0.45)(0.00, -0.17, 0.47)(0.02, -0.17, 0.47)(-0.07, -0.18, 0.43)(-0.05, -0.15, 0.48)(-0.05, -0.18, 0.50)(-0.05, -0.19, 0.49)(-0.06, -0.19, 0.47)(-0.08, -0.18, 0.43)(-0.07, -0.15, 0.48)(-0.07, -0.18, 0.51)(-0.07, -0.19, 0.48)(-0.07, -0.18, 0.47)(-0.09, -0.18, 0.43)(-0.09, -0.16, 0.48)(-0.09, -0.18, 0.50)(-0.08, -0.19, 0.48)(-0.08, -0.19, 0.47)(-0.10, -0.18, 0.43)(-0.11, -0.16, 0.48)(-0.11, -0.18, 0.49)(-0.10, -0.19, 0.48)(-0.09, -0.19, 0.47)
(-0.08, -0.19, 0.41)(-0.08, -0.17, 0.45)(-0.06, -0.20, 0.42)(-0.03, -0.19, 0.45)(0.00, -0.18, 0.46)(0.02, -0.18, 0.47)(-0.07, -0.19, 0.42)(-0.05, -0.16, 0.47)(-0.05, -0.19, 0.50)(-0.06, -0.20, 0.48)(-0.06, -0.19, 0.46)(-0.08, -0.19, 0.42)(-0.07, -0.16, 0.47)(-0.07, -0.19, 0.50)(-0.07, -0.20, 0.47)(-0.07, -0.19, 0.46)(-0.09, -0.19, 0.42)(-0.09, -0.16, 0.47)(-0.09, -0.19, 0.49)(-0.09, -0.20, 0.48)(-0.08, -0.19, 0.46)(-0.10, -0.19, 0.42)(-0.11, -0.17, 0.47)(-0.11, -0.18, 0.49)(-0.10, -0.20, 0.48)(-0.10, -0.19, 0.46)

