(0.08, -0.07, 0.37)(0.08, -0.04, 0.41)(0.06, -0.07, 0.39)(0.04, -0.06, 0.43)(0.04, -0.06, 0.46)(0.05, -0.05, 0.47)(0.07, -0.06, 0.39)(0.05, -0.02, 0.43)(0.05, 0.00, 0.47)(0.05, 0.01, 0.49)(0.05, 0.02, 0.50)(0.08, -0.06, 0.39)(0.07, -0.02, 0.42)(0.07, -0.02, 0.47)(0.07, -0.05, 0.46)(0.07, -0.06, 0.45)(0.09, -0.06, 0.39)(0.09, -0.02, 0.42)(0.09, -0.04, 0.46)(0.08, -0.06, 0.45)(0.08, -0.07, 0.43)(0.10, -0.06, 0.39)(0.11, -0.03, 0.43)(0.11, -0.04, 0.45)(0.10, -0.06, 0.44)(0.09, -0.06, 0.43)
(0.08, -0.07, 0.37)(0.08, -0.04, 0.41)(0.06, -0.07, 0.39)(0.04, -0.06, 0.43)(0.04, -0.06, 0.46)(0.05, -0.05, 0.47)(0.07, -0.06, 0.39)(0.05, -0.02, 0.43)(0.05, 0.00, 0.47)(0.05, 0.01, 0.49)(0.05, 0.02, 0.50)(0.08, -0.06, 0.39)(0.07, -0.02, 0.42)(0.07, -0.02, 0.47)(0.07, -0.05, 0.46)(0.07, -0.06, 0.45)(0.09, -0.06, 0.39)(0.09, -0.02, 0.42)(0.09, -0.04, 0.46)(0.08, -0.06, 0.45)(0.08, -0.07, 0.43)(0.10, -0.06, 0.39)(0.11, -0.03, 0.43)(0.11, -0.04, 0.45)(0.10, -0.06, 0.44)(0.09, -0.06, 0.43)
(0.08, -0.07, 0.39)(0.08, -0.03, 0.43)(0.06, -0.06, 0.41)(0.04, -0.06, 0.45)(0.05, -0.05, 0.48)(0.06, -0.05, 0.49)(0.07, -0.06, 0.41)(0.05, -0.01, 0.45)(0.05, 0.01, 0.49)(0.05, 0.01, 0.51)(0.05, 0.02, 0.52)(0.08, -0.06, 0.41)(0.07, -0.01, 0.44)(0.08, -0.02, 0.49)(0.07, -0.05, 0.48)(0.07, -0.06, 0.47)(0.09, -0.06, 0.41)(0.09, -0.02, 0.44)(0.09, -0.03, 0.48)(0.09, -0.05, 0.47)(0.08, -0.06, 0.45)(0.10, -0.06, 0.41)(0.11, -0.03, 0.45)(0.11, -0.04, 0.47)(0.10, -0.05, 0.46)(0.09, -0.06, 0.45)
(0.09, -0.07, 0.39)(0.09, -0.04, 0.43)(0.07, -0.06, 0.41)(0.05, -0.06, 0.45)(0.06, -0.06, 0.48)(0.06, -0.06, 0.50)(0.08, -0.06, 0.41)(0.06, -0.02, 0.45)(0.06, 0.00, 0.49)(0.07, 0.00, 0.52)(0.07, 0.00, 0.53)(0.09, -0.06, 0.41)(0.08, -0.02, 0.45)(0.09, -0.02, 0.49)(0.09, -0.05, 0.49)(0.08, -0.06, 0.48)(0.10, -0.06, 0.40)(0.10, -0.02, 0.45)(0.11, -0.03, 0.48)(0.10, -0.05, 0.47)(0.09, -0.06, 0.46)(0.11, -0.06, 0.40)(0.12, -0.03, 0.45)(0.12, -0.04, 0.47)(0.12, -0.05, 0.47)(0.11, -0.06, 0.46)
(0.09, -0.07, 0.39)(0.09, -0.04, 0.43)(0.07, -0.06, 0.41)(0.06, -0.07, 0.45)(0.06, -0.06, 0.49)(0.07, -0.06, 0.50)(0.08, -0.06, 0.41)(0.07, -0.02, 0.46)(0.07, -0.01, 0.50)(0.07, 0.00, 0.52)(0.08, 0.00, 0.54)(0.09, -0.06, 0.41)(0.09, -0.02, 0.46)(0.09, -0.03, 0.50)(0.09, -0.05, 0.50)(0.09, -0.06, 0.49)(0.10, -0.06, 0.41)(0.11, -0.03, 0.45)(0.11, -0.04, 0.49)(0.10, -0.06, 0.48)(0.10, -0.06, 0.47)(0.11, -0.06, 0.41)(0.13, -0.03, 0.45)(0.13, -0.04, 0.48)(0.12, -0.06, 0.47)(0.11, -0.06, 0.46)
(0.09, -0.07, 0.38)(0.10, -0.04, 0.42)(0.07, -0.06, 0.40)(0.06, -0.06, 0.44)(0.06, -0.06, 0.47)(0.07, -0.06, 0.49)(0.08, -0.06, 0.40)(0.07, -0.02, 0.44)(0.07, 0.00, 0.48)(0.07, 0.00, 0.51)(0.07, 0.00, 0.52)(0.09, -0.06, 0.40)(0.09, -0.02, 0.44)(0.09, -0.02, 0.48)(0.09, -0.05, 0.48)(0.09, -0.06, 0.47)(0.10, -0.06, 0.40)(0.11, -0.02, 0.44)(0.11, -0.04, 0.47)(0.11, -0.06, 0.47)(0.10, -0.06, 0.45)(0.11, -0.06, 0.39)(0.13, -0.03, 0.44)(0.13, -0.04, 0.46)(0.12, -0.05, 0.46)(0.11, -0.06, 0.45)
(0.10, -0.07, 0.32)(0.10, -0.04, 0.36)(0.08, -0.07, 0.34)(0.06, -0.07, 0.38)(0.06, -0.06, 0.41)(0.07, -0.06, 0.42)(0.09, -0.06, 0.34)(0.07, -0.02, 0.38)(0.06, 0.00, 0.42)(0.06, 0.00, 0.44)(0.07, 0.00, 0.46)(0.09, -0.06, 0.34)(0.09, -0.02, 0.38)(0.09, -0.03, 0.42)(0.09, -0.06, 0.42)(0.08, -0.06, 0.40)(0.10, -0.06, 0.34)(0.11, -0.03, 0.38)(0.11, -0.04, 0.41)(0.10, -0.06, 0.40)(0.09, -0.07, 0.39)(0.11, -0.06, 0.34)(0.13, -0.04, 0.38)(0.12, -0.04, 0.40)(0.12, -0.06, 0.39)(0.11, -0.06, 0.38)
(0.10, -0.10, 0.22)(0.10, -0.07, 0.26)(0.08, -0.09, 0.24)(0.05, -0.09, 0.27)(0.05, -0.08, 0.31)(0.06, -0.08, 0.32)(0.09, -0.09, 0.24)(0.06, -0.04, 0.28)(0.06, -0.03, 0.32)(0.06, -0.03, 0.34)(0.06, -0.03, 0.35)(0.09, -0.09, 0.24)(0.09, -0.04, 0.28)(0.08, -0.05, 0.32)(0.08, -0.08, 0.32)(0.08, -0.09, 0.30)(0.10, -0.09, 0.24)(0.10, -0.05, 0.28)(0.10, -0.06, 0.31)(0.09, -0.08, 0.30)(0.09, -0.09, 0.29)(0.11, -0.09, 0.24)(0.12, -0.06, 0.28)(0.12, -0.07, 0.30)(0.11, -0.08, 0.30)(0.10, -0.09, 0.29)
(0.08, -0.13, 0.11)(0.08, -0.10, 0.14)(0.06, -0.12, 0.12)(0.03, -0.12, 0.15)(0.03, -0.11, 0.18)(0.04, -0.10, 0.20)(0.07, -0.12, 0.12)(0.05, -0.07, 0.15)(0.04, -0.06, 0.19)(0.04, -0.06, 0.22)(0.04, -0.06, 0.23)(0.08, -0.12, 0.12)(0.07, -0.07, 0.15)(0.06, -0.08, 0.20)(0.06, -0.10, 0.19)(0.06, -0.11, 0.18)(0.09, -0.12, 0.12)(0.09, -0.08, 0.16)(0.08, -0.09, 0.19)(0.07, -0.11, 0.18)(0.07, -0.12, 0.17)(0.10, -0.12, 0.12)(0.10, -0.09, 0.16)(0.10, -0.09, 0.18)(0.09, -0.11, 0.18)(0.08, -0.11, 0.17)
(0.06, -0.16, 0.06)(0.05, -0.12, 0.09)(0.03, -0.15, 0.07)(0.00, -0.14, 0.10)(0.00, -0.13, 0.13)(0.01, -0.13, 0.14)(0.04, -0.15, 0.07)(0.01, -0.10, 0.10)(0.00, -0.08, 0.13)(0.00, -0.09, 0.16)(-0.01, -0.09, 0.17)(0.05, -0.14, 0.07)(0.03, -0.09, 0.10)(0.02, -0.10, 0.14)(0.02, -0.13, 0.14)(0.02, -0.14, 0.12)(0.06, -0.14, 0.07)(0.05, -0.10, 0.10)(0.04, -0.11, 0.14)(0.04, -0.13, 0.13)(0.04, -0.14, 0.11)(0.07, -0.14, 0.08)(0.07, -0.11, 0.11)(0.06, -0.11, 0.13)(0.06, -0.13, 0.13)(0.05, -0.13, 0.11)
(0.02, -0.15, 0.08)(0.01, -0.11, 0.11)(-0.01, -0.15, 0.09)(-0.04, -0.14, 0.11)(-0.05, -0.13, 0.14)(-0.04, -0.13, 0.16)(0.00, -0.14, 0.09)(-0.03, -0.09, 0.11)(-0.05, -0.09, 0.15)(-0.05, -0.09, 0.18)(-0.05, -0.09, 0.19)(0.01, -0.14, 0.09)(-0.01, -0.09, 0.12)(-0.02, -0.10, 0.16)(-0.02, -0.13, 0.15)(-0.02, -0.14, 0.14)(0.02, -0.14, 0.09)(0.01, -0.10, 0.13)(0.00, -0.11, 0.16)(-0.01, -0.13, 0.14)(0.00, -0.14, 0.13)(0.03, -0.14, 0.10)(0.02, -0.10, 0.14)(0.01, -0.11, 0.16)(0.01, -0.13, 0.14)(0.01, -0.13, 0.13)
(-0.02, -0.12, 0.18)(-0.03, -0.09, 0.22)(-0.04, -0.12, 0.19)(-0.08, -0.12, 0.22)(-0.08, -0.11, 0.25)(-0.07, -0.10, 0.27)(-0.03, -0.11, 0.20)(-0.07, -0.07, 0.23)(-0.08, -0.06, 0.27)(-0.09, -0.07, 0.29)(-0.09, -0.07, 0.30)(-0.03, -0.11, 0.20)(-0.05, -0.07, 0.23)(-0.06, -0.08, 0.27)(-0.06, -0.11, 0.26)(-0.05, -0.11, 0.24)(-0.02, -0.11, 0.20)(-0.03, -0.07, 0.23)(-0.04, -0.09, 0.27)(-0.04, -0.11, 0.25)(-0.04, -0.11, 0.23)(-0.01, -0.11, 0.20)(-0.01, -0.08, 0.24)(-0.02, -0.09, 0.26)(-0.02, -0.11, 0.25)(-0.03, -0.11, 0.23)
(-0.04, -0.11, 0.29)(-0.05, -0.08, 0.33)(-0.06, -0.11, 0.30)(-0.09, -0.11, 0.34)(-0.09, -0.10, 0.37)(-0.08, -0.10, 0.39)(-0.05, -0.10, 0.31)(-0.08, -0.06, 0.34)(-0.09, -0.06, 0.39)(-0.09, -0.06, 0.41)(-0.09, -0.06, 0.42)(-0.04, -0.10, 0.31)(-0.06, -0.06, 0.34)(-0.06, -0.07, 0.38)(-0.06, -0.10, 0.37)(-0.06, -0.11, 0.36)(-0.03, -0.10, 0.31)(-0.04, -0.06, 0.35)(-0.04, -0.08, 0.38)(-0.05, -0.10, 0.36)(-0.05, -0.10, 0.34)(-0.02, -0.10, 0.31)(-0.02, -0.07, 0.35)(-0.03, -0.08, 0.37)(-0.03, -0.10, 0.36)(-0.04, -0.10, 0.34)
(-0.02, -0.10, 0.30)(-0.03, -0.08, 0.35)(-0.04, -0.10, 0.32)(-0.07, -0.11, 0.36)(-0.07, -0.11, 0.39)(-0.07, -0.11, 0.41)(-0.04, -0.10, 0.32)(-0.07, -0.06, 0.37)(-0.07, -0.06, 0.41)(-0.07, -0.07, 0.43)(-0.07, -0.07, 0.45)(-0.03, -0.09, 0.32)(-0.05, -0.06, 0.37)(-0.05, -0.07, 0.41)(-0.05, -0.10, 0.40)(-0.04, -0.11, 0.39)(-0.02, -0.09, 0.32)(-0.03, -0.06, 0.37)(-0.03, -0.08, 0.40)(-0.03, -0.10, 0.39)(-0.03, -0.10, 0.37)(-0.01, -0.09, 0.32)(-0.01, -0.07, 0.37)(-0.01, -0.08, 0.39)(-0.01, -0.09, 0.39)(-0.02, -0.10, 0.37)
(0.00, -0.10, 0.22)(-0.01, -0.08, 0.26)(-0.03, -0.10, 0.24)(-0.05, -0.11, 0.27)(-0.06, -0.11, 0.30)(-0.05, -0.10, 0.32)(-0.02, -0.10, 0.24)(-0.05, -0.06, 0.28)(-0.06, -0.05, 0.32)(-0.06, -0.05, 0.35)(-0.06, -0.06, 0.36)(-0.01, -0.10, 0.24)(-0.03, -0.06, 0.28)(-0.04, -0.07, 0.32)(-0.03, -0.10, 0.32)(-0.03, -0.11, 0.30)(0.00, -0.09, 0.24)(-0.01, -0.06, 0.28)(-0.02, -0.08, 0.32)(-0.02, -0.10, 0.30)(-0.02, -0.10, 0.29)(0.01, -0.09, 0.24)(0.01, -0.07, 0.29)(0.00, -0.08, 0.31)(0.00, -0.10, 0.30)(-0.01, -0.10, 0.29)
(0.02, -0.12, 0.14)(0.01, -0.09, 0.18)(0.00, -0.12, 0.15)(-0.03, -0.12, 0.18)(-0.04, -0.12, 0.22)(-0.03, -0.12, 0.23)(0.01, -0.11, 0.16)(-0.03, -0.08, 0.19)(-0.04, -0.07, 0.23)(-0.05, -0.06, 0.26)(-0.05, -0.06, 0.27)(0.01, -0.11, 0.16)(-0.01, -0.07, 0.20)(-0.02, -0.09, 0.24)(-0.02, -0.11, 0.23)(-0.01, -0.12, 0.21)(0.02, -0.11, 0.16)(0.01, -0.08, 0.20)(0.00, -0.10, 0.23)(0.00, -0.12, 0.22)(0.00, -0.12, 0.20)(0.03, -0.11, 0.16)(0.03, -0.09, 0.21)(0.02, -0.10, 0.23)(0.02, -0.12, 0.21)(0.01, -0.12, 0.20)
(0.02, -0.12, 0.14)(0.01, -0.09, 0.18)(0.00, -0.12, 0.15)(-0.03, -0.12, 0.18)(-0.04, -0.12, 0.22)(-0.03, -0.12, 0.23)(0.01, -0.11, 0.16)(-0.03, -0.08, 0.19)(-0.04, -0.07, 0.23)(-0.05, -0.06, 0.26)(-0.05, -0.06, 0.27)(0.01, -0.11, 0.16)(-0.01, -0.07, 0.20)(-0.02, -0.09, 0.24)(-0.02, -0.11, 0.23)(-0.01, -0.12, 0.21)(0.02, -0.11, 0.16)(0.01, -0.08, 0.20)(0.00, -0.10, 0.23)(0.00, -0.12, 0.22)(0.00, -0.12, 0.20)(0.03, -0.11, 0.16)(0.03, -0.09, 0.21)(0.02, -0.10, 0.23)(0.02, -0.12, 0.21)(0.01, -0.12, 0.20)
(0.03, -0.13, 0.10)(0.02, -0.10, 0.14)(0.01, -0.13, 0.12)(-0.02, -0.13, 0.14)(-0.03, -0.13, 0.18)(-0.02, -0.12, 0.19)(0.02, -0.12, 0.12)(-0.02, -0.08, 0.15)(-0.03, -0.07, 0.19)(-0.04, -0.07, 0.22)(-0.05, -0.07, 0.23)(0.03, -0.12, 0.12)(0.00, -0.08, 0.16)(-0.01, -0.09, 0.20)(-0.01, -0.12, 0.19)(0.00, -0.13, 0.17)(0.04, -0.12, 0.12)(0.02, -0.09, 0.16)(0.01, -0.11, 0.19)(0.01, -0.12, 0.18)(0.01, -0.13, 0.16)(0.04, -0.12, 0.13)(0.04, -0.09, 0.17)(0.03, -0.11, 0.19)(0.03, -0.12, 0.18)(0.02, -0.12, 0.16)
(0.02, -0.12, 0.14)(0.00, -0.09, 0.17)(-0.01, -0.12, 0.15)(-0.04, -0.12, 0.17)(-0.05, -0.12, 0.21)(-0.04, -0.11, 0.22)(0.00, -0.11, 0.15)(-0.04, -0.08, 0.19)(-0.05, -0.06, 0.22)(-0.06, -0.06, 0.25)(-0.07, -0.06, 0.26)(0.01, -0.11, 0.15)(-0.01, -0.07, 0.19)(-0.03, -0.09, 0.23)(-0.02, -0.11, 0.22)(-0.02, -0.12, 0.20)(0.02, -0.11, 0.16)(0.00, -0.08, 0.20)(-0.01, -0.10, 0.23)(-0.01, -0.12, 0.21)(-0.01, -0.12, 0.19)(0.03, -0.11, 0.16)(0.02, -0.08, 0.20)(0.01, -0.10, 0.22)(0.01, -0.11, 0.21)(0.01, -0.11, 0.20)
(-0.03, -0.10, 0.25)(-0.04, -0.07, 0.29)(-0.05, -0.10, 0.26)(-0.08, -0.10, 0.29)(-0.09, -0.10, 0.32)(-0.08, -0.10, 0.34)(-0.04, -0.09, 0.26)(-0.08, -0.06, 0.30)(-0.09, -0.05, 0.34)(-0.10, -0.04, 0.36)(-0.11, -0.04, 0.37)(-0.03, -0.09, 0.26)(-0.06, -0.05, 0.30)(-0.07, -0.07, 0.34)(-0.06, -0.10, 0.33)(-0.06, -0.10, 0.32)(-0.02, -0.09, 0.27)(-0.04, -0.06, 0.31)(-0.05, -0.08, 0.34)(-0.05, -0.10, 0.32)(-0.05, -0.10, 0.30)(-0.02, -0.09, 0.27)(-0.02, -0.07, 0.32)(-0.03, -0.08, 0.33)(-0.03, -0.10, 0.32)(-0.03, -0.10, 0.30)
(-0.04, -0.10, 0.32)(-0.05, -0.07, 0.36)(-0.07, -0.10, 0.33)(-0.10, -0.10, 0.36)(-0.10, -0.11, 0.40)(-0.10, -0.11, 0.41)(-0.06, -0.09, 0.34)(-0.09, -0.06, 0.38)(-0.11, -0.05, 0.42)(-0.11, -0.05, 0.44)(-0.12, -0.05, 0.46)(-0.05, -0.09, 0.34)(-0.07, -0.06, 0.38)(-0.08, -0.08, 0.42)(-0.08, -0.10, 0.41)(-0.07, -0.11, 0.39)(-0.04, -0.09, 0.34)(-0.05, -0.06, 0.39)(-0.06, -0.09, 0.41)(-0.06, -0.10, 0.40)(-0.06, -0.10, 0.38)(-0.03, -0.09, 0.34)(-0.03, -0.07, 0.39)(-0.04, -0.09, 0.41)(-0.04, -0.10, 0.39)(-0.05, -0.10, 0.38)
(-0.03, -0.10, 0.30)(-0.04, -0.07, 0.35)(-0.05, -0.10, 0.32)(-0.08, -0.11, 0.35)(-0.09, -0.11, 0.38)(-0.08, -0.11, 0.40)(-0.04, -0.09, 0.32)(-0.07, -0.06, 0.36)(-0.09, -0.06, 0.40)(-0.09, -0.06, 0.43)(-0.10, -0.06, 0.44)(-0.03, -0.09, 0.32)(-0.05, -0.06, 0.37)(-0.06, -0.08, 0.40)(-0.06, -0.10, 0.39)(-0.06, -0.11, 0.37)(-0.02, -0.09, 0.32)(-0.03, -0.07, 0.37)(-0.04, -0.09, 0.40)(-0.04, -0.10, 0.38)(-0.04, -0.10, 0.36)(-0.02, -0.09, 0.32)(-0.02, -0.07, 0.37)(-0.02, -0.09, 0.39)(-0.03, -0.10, 0.38)(-0.03, -0.10, 0.36)
(0.01, -0.10, 0.22)(-0.01, -0.08, 0.26)(-0.02, -0.10, 0.23)(-0.05, -0.11, 0.26)(-0.05, -0.11, 0.30)(-0.05, -0.12, 0.31)(-0.01, -0.10, 0.23)(-0.04, -0.07, 0.28)(-0.06, -0.06, 0.32)(-0.07, -0.06, 0.34)(-0.07, -0.06, 0.35)(0.00, -0.10, 0.24)(-0.02, -0.06, 0.28)(-0.03, -0.08, 0.32)(-0.03, -0.11, 0.31)(-0.03, -0.11, 0.29)(0.01, -0.10, 0.24)(0.00, -0.07, 0.28)(-0.01, -0.09, 0.31)(-0.01, -0.11, 0.30)(-0.01, -0.11, 0.28)(0.02, -0.10, 0.24)(0.01, -0.08, 0.29)(0.01, -0.09, 0.31)(0.00, -0.11, 0.29)(0.00, -0.11, 0.28)
(0.03, -0.12, 0.16)(0.02, -0.09, 0.20)(0.01, -0.12, 0.17)(-0.02, -0.12, 0.20)(-0.03, -0.12, 0.24)(-0.02, -0.12, 0.25)(0.02, -0.11, 0.17)(-0.02, -0.08, 0.21)(-0.04, -0.07, 0.25)(-0.04, -0.06, 0.27)(-0.05, -0.06, 0.29)(0.02, -0.11, 0.18)(0.00, -0.07, 0.22)(-0.01, -0.09, 0.26)(-0.01, -0.11, 0.25)(0.00, -0.12, 0.23)(0.03, -0.11, 0.18)(0.02, -0.08, 0.22)(0.01, -0.10, 0.25)(0.01, -0.12, 0.24)(0.01, -0.12, 0.22)(0.04, -0.11, 0.18)(0.04, -0.08, 0.23)(0.03, -0.10, 0.25)(0.03, -0.11, 0.23)(0.02, -0.11, 0.22)
(0.04, -0.13, 0.13)(0.03, -0.10, 0.17)(0.02, -0.12, 0.14)(-0.02, -0.13, 0.17)(-0.02, -0.13, 0.20)(-0.01, -0.12, 0.22)(0.03, -0.12, 0.14)(-0.01, -0.08, 0.18)(-0.03, -0.07, 0.22)(-0.04, -0.07, 0.24)(-0.04, -0.07, 0.25)(0.03, -0.12, 0.14)(0.01, -0.08, 0.18)(0.00, -0.09, 0.22)(0.00, -0.12, 0.22)(0.01, -0.13, 0.20)(0.04, -0.12, 0.15)(0.03, -0.08, 0.19)(0.02, -0.10, 0.22)(0.02, -0.12, 0.20)(0.02, -0.12, 0.19)(0.05, -0.12, 0.15)(0.05, -0.09, 0.20)(0.04, -0.10, 0.21)(0.04, -0.12, 0.20)(0.03, -0.12, 0.19)
(0.00, -0.11, 0.19)(-0.01, -0.09, 0.23)(-0.02, -0.11, 0.20)(-0.05, -0.12, 0.23)(-0.06, -0.11, 0.26)(-0.05, -0.11, 0.27)(-0.01, -0.11, 0.20)(-0.05, -0.07, 0.24)(-0.07, -0.06, 0.28)(-0.08, -0.06, 0.30)(-0.08, -0.06, 0.31)(0.00, -0.11, 0.20)(-0.03, -0.07, 0.24)(-0.04, -0.08, 0.28)(-0.04, -0.11, 0.27)(-0.03, -0.12, 0.26)(0.01, -0.10, 0.21)(-0.01, -0.07, 0.25)(-0.02, -0.09, 0.28)(-0.02, -0.11, 0.26)(-0.02, -0.11, 0.24)(0.01, -0.10, 0.21)(0.01, -0.08, 0.26)(0.00, -0.09, 0.27)(0.00, -0.11, 0.26)(-0.01, -0.11, 0.25)
(0.00, -0.11, 0.19)(-0.01, -0.09, 0.23)(-0.02, -0.11, 0.20)(-0.05, -0.12, 0.23)(-0.06, -0.11, 0.26)(-0.05, -0.11, 0.27)(-0.01, -0.11, 0.20)(-0.05, -0.07, 0.24)(-0.07, -0.06, 0.28)(-0.08, -0.06, 0.30)(-0.08, -0.06, 0.31)(0.00, -0.11, 0.20)(-0.03, -0.07, 0.24)(-0.04, -0.08, 0.28)(-0.04, -0.11, 0.27)(-0.03, -0.12, 0.26)(0.01, -0.10, 0.21)(-0.01, -0.07, 0.25)(-0.02, -0.09, 0.28)(-0.02, -0.11, 0.26)(-0.02, -0.11, 0.24)(0.01, -0.10, 0.21)(0.01, -0.08, 0.26)(0.00, -0.09, 0.27)(0.00, -0.11, 0.26)(-0.01, -0.11, 0.25)
(-0.04, -0.10, 0.30)(-0.05, -0.07, 0.34)(-0.06, -0.10, 0.31)(-0.09, -0.10, 0.34)(-0.10, -0.10, 0.38)(-0.09, -0.10, 0.39)(-0.05, -0.09, 0.32)(-0.09, -0.06, 0.36)(-0.10, -0.05, 0.40)(-0.11, -0.05, 0.42)(-0.11, -0.05, 0.44)(-0.04, -0.09, 0.32)(-0.07, -0.06, 0.36)(-0.08, -0.08, 0.40)(-0.07, -0.10, 0.39)(-0.07, -0.11, 0.37)(-0.03, -0.09, 0.32)(-0.05, -0.06, 0.36)(-0.05, -0.09, 0.39)(-0.06, -0.10, 0.38)(-0.05, -0.10, 0.36)(-0.03, -0.09, 0.32)(-0.03, -0.07, 0.37)(-0.04, -0.09, 0.39)(-0.04, -0.10, 0.37)(-0.04, -0.10, 0.36)
(-0.03, -0.10, 0.32)(-0.04, -0.08, 0.37)(-0.06, -0.10, 0.34)(-0.08, -0.11, 0.37)(-0.09, -0.12, 0.40)(-0.09, -0.12, 0.42)(-0.05, -0.10, 0.34)(-0.08, -0.07, 0.38)(-0.09, -0.07, 0.43)(-0.10, -0.07, 0.45)(-0.10, -0.07, 0.46)(-0.04, -0.09, 0.34)(-0.06, -0.07, 0.39)(-0.07, -0.09, 0.42)(-0.06, -0.11, 0.41)(-0.06, -0.11, 0.40)(-0.03, -0.09, 0.34)(-0.04, -0.07, 0.39)(-0.05, -0.09, 0.42)(-0.05, -0.11, 0.40)(-0.05, -0.11, 0.38)(-0.02, -0.09, 0.34)(-0.02, -0.08, 0.39)(-0.03, -0.09, 0.41)(-0.03, -0.10, 0.40)(-0.03, -0.10, 0.38)
(0.01, -0.10, 0.24)(-0.01, -0.08, 0.28)(-0.02, -0.10, 0.25)(-0.05, -0.11, 0.28)(-0.05, -0.11, 0.31)(-0.05, -0.11, 0.33)(-0.01, -0.10, 0.25)(-0.05, -0.07, 0.30)(-0.06, -0.06, 0.34)(-0.06, -0.06, 0.36)(-0.07, -0.06, 0.37)(0.00, -0.09, 0.25)(-0.02, -0.06, 0.30)(-0.03, -0.08, 0.34)(-0.03, -0.10, 0.33)(-0.03, -0.11, 0.31)(0.01, -0.09, 0.26)(-0.01, -0.07, 0.30)(-0.01, -0.08, 0.33)(-0.01, -0.10, 0.32)(-0.01, -0.11, 0.30)(0.02, -0.09, 0.26)(0.01, -0.07, 0.31)(0.01, -0.08, 0.33)(0.00, -0.10, 0.32)(0.00, -0.10, 0.30)
(0.04, -0.11, 0.16)(0.03, -0.08, 0.20)(0.02, -0.11, 0.17)(-0.01, -0.12, 0.20)(-0.02, -0.12, 0.24)(-0.01, -0.12, 0.25)(0.03, -0.10, 0.18)(-0.01, -0.07, 0.22)(-0.02, -0.06, 0.26)(-0.03, -0.06, 0.28)(-0.03, -0.06, 0.29)(0.03, -0.10, 0.18)(0.01, -0.07, 0.22)(0.00, -0.08, 0.26)(0.01, -0.11, 0.25)(0.01, -0.12, 0.23)(0.04, -0.10, 0.18)(0.03, -0.07, 0.22)(0.02, -0.09, 0.25)(0.02, -0.11, 0.24)(0.02, -0.11, 0.22)(0.05, -0.10, 0.18)(0.05, -0.08, 0.23)(0.04, -0.09, 0.25)(0.04, -0.11, 0.24)(0.03, -0.11, 0.22)
(0.06, -0.11, 0.13)(0.05, -0.09, 0.16)(0.04, -0.11, 0.14)(0.00, -0.12, 0.17)(0.00, -0.12, 0.20)(0.01, -0.12, 0.21)(0.04, -0.11, 0.14)(0.01, -0.07, 0.18)(-0.01, -0.06, 0.22)(-0.02, -0.06, 0.24)(-0.02, -0.07, 0.25)(0.05, -0.11, 0.14)(0.03, -0.07, 0.18)(0.02, -0.09, 0.22)(0.02, -0.11, 0.21)(0.03, -0.12, 0.20)(0.06, -0.10, 0.14)(0.05, -0.07, 0.19)(0.04, -0.10, 0.22)(0.04, -0.11, 0.20)(0.04, -0.11, 0.18)(0.07, -0.10, 0.15)(0.07, -0.08, 0.19)(0.06, -0.10, 0.21)(0.06, -0.11, 0.20)(0.05, -0.11, 0.18)
(0.03, -0.11, 0.16)(0.02, -0.08, 0.20)(0.01, -0.11, 0.17)(-0.02, -0.11, 0.20)(-0.03, -0.11, 0.23)(-0.02, -0.11, 0.25)(0.02, -0.10, 0.18)(-0.02, -0.07, 0.21)(-0.04, -0.06, 0.25)(-0.05, -0.06, 0.27)(-0.05, -0.06, 0.29)(0.02, -0.10, 0.18)(0.00, -0.06, 0.22)(-0.01, -0.08, 0.26)(0.00, -0.11, 0.25)(0.00, -0.11, 0.23)(0.03, -0.10, 0.18)(0.02, -0.07, 0.22)(0.01, -0.09, 0.25)(0.01, -0.11, 0.23)(0.01, -0.11, 0.22)(0.04, -0.10, 0.18)(0.04, -0.07, 0.23)(0.03, -0.09, 0.25)(0.03, -0.10, 0.23)(0.03, -0.10, 0.22)
(-0.01, -0.10, 0.24)(-0.02, -0.07, 0.28)(-0.03, -0.10, 0.25)(-0.06, -0.10, 0.28)(-0.07, -0.10, 0.31)(-0.06, -0.10, 0.33)(-0.02, -0.09, 0.25)(-0.06, -0.06, 0.29)(-0.08, -0.05, 0.33)(-0.09, -0.05, 0.36)(-0.09, -0.05, 0.37)(-0.02, -0.09, 0.26)(-0.04, -0.05, 0.30)(-0.05, -0.07, 0.33)(-0.05, -0.10, 0.32)(-0.04, -0.10, 0.31)(-0.01, -0.09, 0.26)(-0.02, -0.06, 0.30)(-0.03, -0.08, 0.33)(-0.03, -0.10, 0.31)(-0.03, -0.10, 0.29)(0.00, -0.09, 0.26)(0.00, -0.06, 0.31)(-0.01, -0.08, 0.32)(-0.01, -0.09, 0.31)(-0.02, -0.09, 0.30)
(-0.03, -0.10, 0.31)(-0.04, -0.08, 0.35)(-0.05, -0.10, 0.32)(-0.08, -0.11, 0.35)(-0.09, -0.11, 0.38)(-0.08, -0.11, 0.40)(-0.04, -0.10, 0.32)(-0.08, -0.07, 0.37)(-0.09, -0.06, 0.41)(-0.10, -0.06, 0.43)(-0.10, -0.07, 0.44)(-0.04, -0.09, 0.32)(-0.06, -0.06, 0.37)(-0.07, -0.08, 0.40)(-0.06, -0.11, 0.39)(-0.06, -0.11, 0.37)(-0.03, -0.09, 0.33)(-0.04, -0.07, 0.37)(-0.04, -0.09, 0.40)(-0.04, -0.11, 0.38)(-0.04, -0.11, 0.36)(-0.02, -0.09, 0.33)(-0.02, -0.07, 0.38)(-0.03, -0.09, 0.39)(-0.03, -0.10, 0.38)(-0.03, -0.10, 0.36)
(-0.03, -0.10, 0.32)(-0.04, -0.08, 0.36)(-0.05, -0.10, 0.33)(-0.08, -0.11, 0.36)(-0.08, -0.12, 0.40)(-0.08, -0.12, 0.41)(-0.04, -0.09, 0.34)(-0.08, -0.07, 0.38)(-0.09, -0.07, 0.42)(-0.09, -0.07, 0.45)(-0.09, -0.08, 0.46)(-0.03, -0.09, 0.34)(-0.06, -0.06, 0.38)(-0.06, -0.09, 0.42)(-0.06, -0.11, 0.41)(-0.06, -0.11, 0.39)(-0.03, -0.09, 0.34)(-0.04, -0.07, 0.39)(-0.04, -0.09, 0.41)(-0.04, -0.11, 0.40)(-0.04, -0.11, 0.38)(-0.02, -0.09, 0.34)(-0.02, -0.07, 0.39)(-0.02, -0.09, 0.41)(-0.03, -0.10, 0.39)(-0.03, -0.10, 0.38)
(0.00, -0.10, 0.26)(-0.02, -0.07, 0.30)(-0.03, -0.10, 0.27)(-0.06, -0.11, 0.30)(-0.06, -0.11, 0.33)(-0.06, -0.12, 0.35)(-0.02, -0.09, 0.27)(-0.05, -0.06, 0.32)(-0.07, -0.06, 0.36)(-0.07, -0.07, 0.38)(-0.07, -0.07, 0.40)(-0.01, -0.09, 0.27)(-0.03, -0.06, 0.32)(-0.04, -0.08, 0.36)(-0.04, -0.11, 0.35)(-0.03, -0.11, 0.33)(0.00, -0.09, 0.28)(-0.01, -0.07, 0.32)(-0.02, -0.09, 0.35)(-0.02, -0.11, 0.33)(-0.02, -0.11, 0.32)(0.01, -0.09, 0.28)(0.01, -0.07, 0.33)(0.00, -0.09, 0.34)(0.00, -0.10, 0.33)(-0.01, -0.10, 0.32)
(0.04, -0.11, 0.15)(0.03, -0.08, 0.20)(0.02, -0.11, 0.17)(-0.01, -0.12, 0.20)(-0.02, -0.12, 0.23)(-0.02, -0.12, 0.25)(0.03, -0.10, 0.17)(-0.01, -0.07, 0.21)(-0.03, -0.06, 0.25)(-0.03, -0.07, 0.27)(-0.04, -0.07, 0.29)(0.03, -0.10, 0.17)(0.01, -0.07, 0.21)(0.00, -0.09, 0.25)(0.00, -0.11, 0.24)(0.01, -0.12, 0.23)(0.04, -0.10, 0.17)(0.03, -0.07, 0.22)(0.02, -0.09, 0.25)(0.02, -0.11, 0.23)(0.02, -0.11, 0.21)(0.05, -0.10, 0.18)(0.05, -0.08, 0.22)(0.04, -0.10, 0.24)(0.04, -0.11, 0.23)(0.03, -0.11, 0.22)
(0.06, -0.11, 0.11)(0.05, -0.09, 0.15)(0.04, -0.11, 0.12)(0.00, -0.12, 0.15)(0.00, -0.12, 0.18)(0.01, -0.11, 0.20)(0.04, -0.11, 0.12)(0.01, -0.07, 0.16)(-0.01, -0.07, 0.20)(-0.01, -0.07, 0.23)(-0.02, -0.07, 0.24)(0.05, -0.10, 0.13)(0.03, -0.07, 0.17)(0.02, -0.09, 0.21)(0.03, -0.11, 0.20)(0.03, -0.12, 0.18)(0.06, -0.10, 0.13)(0.05, -0.07, 0.17)(0.04, -0.10, 0.20)(0.04, -0.11, 0.19)(0.04, -0.11, 0.17)(0.07, -0.10, 0.13)(0.07, -0.08, 0.18)(0.06, -0.10, 0.19)(0.06, -0.11, 0.18)(0.05, -0.11, 0.17)
(0.06, -0.11, 0.11)(0.05, -0.09, 0.15)(0.04, -0.11, 0.12)(0.00, -0.12, 0.15)(0.00, -0.12, 0.18)(0.01, -0.11, 0.20)(0.04, -0.11, 0.12)(0.01, -0.07, 0.16)(-0.01, -0.07, 0.20)(-0.01, -0.07, 0.23)(-0.02, -0.07, 0.24)(0.05, -0.10, 0.13)(0.03, -0.07, 0.17)(0.02, -0.09, 0.21)(0.03, -0.11, 0.20)(0.03, -0.12, 0.18)(0.06, -0.10, 0.13)(0.05, -0.07, 0.17)(0.04, -0.10, 0.20)(0.04, -0.11, 0.19)(0.04, -0.11, 0.17)(0.07, -0.10, 0.13)(0.07, -0.08, 0.18)(0.06, -0.10, 0.19)(0.06, -0.11, 0.18)(0.05, -0.11, 0.17)
(0.04, -0.11, 0.14)(0.03, -0.08, 0.18)(0.02, -0.11, 0.15)(-0.02, -0.11, 0.18)(-0.02, -0.11, 0.21)(-0.01, -0.11, 0.23)(0.03, -0.10, 0.15)(-0.01, -0.07, 0.19)(-0.03, -0.06, 0.23)(-0.04, -0.06, 0.25)(-0.04, -0.06, 0.27)(0.03, -0.10, 0.16)(0.01, -0.06, 0.20)(0.00, -0.08, 0.24)(0.01, -0.10, 0.23)(0.01, -0.11, 0.21)(0.04, -0.10, 0.16)(0.03, -0.07, 0.20)(0.02, -0.09, 0.23)(0.02, -0.11, 0.21)(0.02, -0.11, 0.20)(0.05, -0.10, 0.16)(0.05, -0.07, 0.21)(0.04, -0.09, 0.22)(0.04, -0.10, 0.21)(0.04, -0.10, 0.20)
(0.00, -0.09, 0.24)(-0.01, -0.07, 0.28)(-0.02, -0.09, 0.25)(-0.06, -0.09, 0.28)(-0.06, -0.09, 0.31)(-0.05, -0.09, 0.32)(-0.02, -0.09, 0.25)(-0.05, -0.05, 0.29)(-0.07, -0.04, 0.33)(-0.07, -0.04, 0.35)(-0.08, -0.04, 0.37)(-0.01, -0.08, 0.25)(-0.03, -0.05, 0.29)(-0.04, -0.07, 0.33)(-0.04, -0.09, 0.32)(-0.03, -0.10, 0.31)(0.00, -0.08, 0.26)(-0.01, -0.05, 0.30)(-0.02, -0.08, 0.33)(-0.02, -0.09, 0.31)(-0.02, -0.09, 0.29)(0.01, -0.08, 0.26)(0.01, -0.06, 0.30)(0.00, -0.08, 0.32)(0.00, -0.09, 0.31)(-0.01, -0.09, 0.29)
(-0.03, -0.09, 0.32)(-0.04, -0.06, 0.36)(-0.06, -0.09, 0.33)(-0.09, -0.09, 0.36)(-0.09, -0.10, 0.40)(-0.09, -0.10, 0.41)(-0.05, -0.08, 0.34)(-0.08, -0.05, 0.38)(-0.09, -0.05, 0.42)(-0.10, -0.05, 0.44)(-0.10, -0.05, 0.46)(-0.04, -0.08, 0.34)(-0.06, -0.05, 0.38)(-0.07, -0.07, 0.42)(-0.06, -0.09, 0.41)(-0.06, -0.10, 0.39)(-0.03, -0.08, 0.34)(-0.04, -0.05, 0.38)(-0.05, -0.08, 0.41)(-0.05, -0.09, 0.40)(-0.05, -0.09, 0.38)(-0.02, -0.08, 0.34)(-0.02, -0.06, 0.39)(-0.03, -0.08, 0.41)(-0.03, -0.09, 0.39)(-0.04, -0.09, 0.38)
(-0.03, -0.10, 0.32)(-0.04, -0.08, 0.37)(-0.05, -0.10, 0.34)(-0.08, -0.11, 0.37)(-0.08, -0.12, 0.41)(-0.08, -0.12, 0.43)(-0.04, -0.10, 0.34)(-0.07, -0.07, 0.39)(-0.08, -0.08, 0.43)(-0.08, -0.09, 0.45)(-0.07, -0.10, 0.46)(-0.04, -0.09, 0.34)(-0.05, -0.07, 0.39)(-0.06, -0.09, 0.43)(-0.05, -0.11, 0.41)(-0.05, -0.12, 0.40)(-0.03, -0.09, 0.34)(-0.03, -0.07, 0.39)(-0.04, -0.09, 0.42)(-0.04, -0.11, 0.40)(-0.04, -0.11, 0.39)(-0.02, -0.09, 0.34)(-0.02, -0.07, 0.39)(-0.02, -0.09, 0.41)(-0.02, -0.10, 0.40)(-0.03, -0.10, 0.39)
(-0.01, -0.10, 0.26)(-0.02, -0.08, 0.30)(-0.03, -0.11, 0.27)(-0.05, -0.12, 0.31)(-0.05, -0.12, 0.34)(-0.05, -0.12, 0.36)(-0.02, -0.10, 0.28)(-0.05, -0.07, 0.32)(-0.06, -0.08, 0.37)(-0.05, -0.09, 0.39)(-0.05, -0.10, 0.40)(-0.01, -0.10, 0.28)(-0.03, -0.07, 0.33)(-0.03, -0.09, 0.36)(-0.03, -0.11, 0.35)(-0.03, -0.12, 0.34)(0.00, -0.10, 0.28)(-0.01, -0.07, 0.33)(-0.01, -0.09, 0.36)(-0.01, -0.11, 0.35)(-0.02, -0.11, 0.33)(0.01, -0.10, 0.28)(0.01, -0.08, 0.33)(0.01, -0.09, 0.35)(0.00, -0.11, 0.34)(0.00, -0.11, 0.33)
(0.02, -0.11, 0.19)(0.01, -0.08, 0.23)(-0.01, -0.11, 0.20)(-0.03, -0.12, 0.23)(-0.04, -0.12, 0.27)(-0.03, -0.12, 0.28)(0.00, -0.11, 0.20)(-0.03, -0.07, 0.24)(-0.04, -0.07, 0.29)(-0.05, -0.07, 0.31)(-0.05, -0.08, 0.32)(0.01, -0.10, 0.20)(-0.01, -0.07, 0.25)(-0.02, -0.08, 0.29)(-0.02, -0.11, 0.28)(-0.01, -0.12, 0.26)(0.02, -0.10, 0.21)(0.01, -0.07, 0.25)(0.00, -0.09, 0.28)(0.00, -0.11, 0.27)(0.00, -0.11, 0.25)(0.03, -0.10, 0.21)(0.03, -0.08, 0.26)(0.02, -0.09, 0.28)(0.02, -0.11, 0.27)(0.01, -0.11, 0.25)
(0.04, -0.12, 0.12)(0.02, -0.09, 0.16)(0.01, -0.12, 0.14)(-0.02, -0.13, 0.17)(-0.02, -0.12, 0.20)(-0.01, -0.12, 0.21)(0.02, -0.12, 0.14)(-0.01, -0.08, 0.18)(-0.03, -0.07, 0.22)(-0.04, -0.07, 0.24)(-0.04, -0.07, 0.26)(0.03, -0.11, 0.14)(0.01, -0.08, 0.18)(0.00, -0.09, 0.22)(0.00, -0.12, 0.21)(0.00, -0.13, 0.20)(0.04, -0.11, 0.14)(0.03, -0.08, 0.19)(0.02, -0.10, 0.22)(0.02, -0.12, 0.20)(0.02, -0.12, 0.18)(0.05, -0.11, 0.15)(0.04, -0.09, 0.19)(0.04, -0.10, 0.21)(0.03, -0.12, 0.20)(0.03, -0.12, 0.18)
(0.03, -0.13, 0.12)(0.01, -0.10, 0.16)(0.00, -0.13, 0.13)(-0.03, -0.13, 0.16)(-0.04, -0.13, 0.19)(-0.03, -0.12, 0.20)(0.01, -0.12, 0.13)(-0.03, -0.09, 0.17)(-0.04, -0.08, 0.21)(-0.05, -0.07, 0.23)(-0.06, -0.07, 0.24)(0.02, -0.12, 0.13)(-0.01, -0.08, 0.17)(-0.02, -0.10, 0.21)(-0.01, -0.12, 0.21)(-0.01, -0.13, 0.19)(0.03, -0.12, 0.14)(0.01, -0.09, 0.18)(0.01, -0.11, 0.21)(0.01, -0.12, 0.19)(0.01, -0.13, 0.18)(0.04, -0.12, 0.14)(0.03, -0.09, 0.19)(0.02, -0.11, 0.20)(0.02, -0.12, 0.19)(0.02, -0.12, 0.18)
(-0.02, -0.11, 0.20)(-0.03, -0.08, 0.24)(-0.04, -0.11, 0.22)(-0.08, -0.12, 0.24)(-0.09, -0.11, 0.27)(-0.08, -0.11, 0.29)(-0.03, -0.10, 0.22)(-0.07, -0.07, 0.26)(-0.09, -0.06, 0.30)(-0.10, -0.06, 0.32)(-0.11, -0.06, 0.33)(-0.03, -0.10, 0.22)(-0.05, -0.07, 0.26)(-0.06, -0.09, 0.30)(-0.06, -0.11, 0.29)(-0.05, -0.12, 0.27)(-0.02, -0.10, 0.22)(-0.03, -0.07, 0.27)(-0.04, -0.09, 0.30)(-0.04, -0.11, 0.28)(-0.04, -0.11, 0.26)(-0.01, -0.10, 0.23)(-0.01, -0.08, 0.27)(-0.02, -0.09, 0.29)(-0.02, -0.11, 0.28)(-0.03, -0.11, 0.26)
(-0.04, -0.11, 0.28)(-0.06, -0.08, 0.32)(-0.07, -0.11, 0.29)(-0.10, -0.12, 0.32)(-0.11, -0.12, 0.36)(-0.11, -0.12, 0.37)(-0.06, -0.10, 0.30)(-0.10, -0.07, 0.34)(-0.11, -0.07, 0.38)(-0.12, -0.07, 0.40)(-0.12, -0.07, 0.42)(-0.05, -0.10, 0.30)(-0.08, -0.07, 0.34)(-0.08, -0.09, 0.38)(-0.08, -0.12, 0.37)(-0.08, -0.12, 0.35)(-0.04, -0.10, 0.30)(-0.06, -0.07, 0.35)(-0.06, -0.10, 0.38)(-0.06, -0.11, 0.36)(-0.06, -0.11, 0.34)(-0.03, -0.10, 0.30)(-0.04, -0.08, 0.35)(-0.04, -0.10, 0.37)(-0.05, -0.11, 0.36)(-0.05, -0.11, 0.34)
(-0.05, -0.11, 0.31)(-0.06, -0.09, 0.36)(-0.07, -0.11, 0.33)(-0.10, -0.12, 0.36)(-0.10, -0.12, 0.39)(-0.10, -0.12, 0.41)(-0.06, -0.10, 0.33)(-0.09, -0.08, 0.38)(-0.10, -0.08, 0.42)(-0.11, -0.09, 0.44)(-0.11, -0.09, 0.45)(-0.05, -0.10, 0.33)(-0.07, -0.07, 0.38)(-0.08, -0.10, 0.42)(-0.08, -0.12, 0.40)(-0.08, -0.12, 0.39)(-0.04, -0.10, 0.33)(-0.05, -0.08, 0.38)(-0.06, -0.10, 0.41)(-0.06, -0.12, 0.39)(-0.06, -0.12, 0.38)(-0.04, -0.10, 0.34)(-0.04, -0.08, 0.39)(-0.04, -0.10, 0.40)(-0.04, -0.11, 0.39)(-0.05, -0.11, 0.38)
(-0.02, -0.10, 0.27)(-0.03, -0.08, 0.31)(-0.05, -0.10, 0.28)(-0.08, -0.11, 0.31)(-0.08, -0.12, 0.34)(-0.08, -0.12, 0.36)(-0.04, -0.09, 0.28)(-0.07, -0.07, 0.33)(-0.08, -0.07, 0.37)(-0.08, -0.08, 0.39)(-0.09, -0.09, 0.40)(-0.03, -0.09, 0.28)(-0.05, -0.07, 0.33)(-0.06, -0.09, 0.37)(-0.06, -0.11, 0.36)(-0.05, -0.12, 0.34)(-0.02, -0.09, 0.29)(-0.03, -0.07, 0.33)(-0.04, -0.09, 0.36)(-0.04, -0.11, 0.35)(-0.04, -0.11, 0.33)(-0.01, -0.09, 0.29)(-0.01, -0.08, 0.34)(-0.02, -0.09, 0.36)(-0.02, -0.11, 0.34)(-0.03, -0.11, 0.33)
(0.01, -0.11, 0.18)(0.00, -0.08, 0.23)(-0.01, -0.11, 0.20)(-0.04, -0.11, 0.22)(-0.05, -0.12, 0.26)(-0.05, -0.12, 0.27)(0.00, -0.10, 0.20)(-0.04, -0.07, 0.24)(-0.05, -0.07, 0.28)(-0.06, -0.07, 0.30)(-0.06, -0.08, 0.32)(0.01, -0.10, 0.20)(-0.02, -0.07, 0.25)(-0.03, -0.09, 0.28)(-0.02, -0.11, 0.27)(-0.02, -0.12, 0.25)(0.02, -0.10, 0.20)(0.00, -0.07, 0.25)(-0.01, -0.10, 0.28)(-0.01, -0.11, 0.26)(-0.01, -0.12, 0.24)(0.02, -0.10, 0.21)(0.02, -0.08, 0.26)(0.01, -0.10, 0.27)(0.01, -0.11, 0.26)(0.01, -0.11, 0.24)
(0.05, -0.12, 0.12)(0.03, -0.10, 0.16)(0.02, -0.12, 0.13)(-0.01, -0.13, 0.16)(-0.02, -0.13, 0.19)(-0.01, -0.13, 0.21)(0.03, -0.12, 0.13)(-0.01, -0.08, 0.17)(-0.02, -0.08, 0.21)(-0.03, -0.08, 0.23)(-0.04, -0.08, 0.25)(0.04, -0.11, 0.13)(0.01, -0.08, 0.18)(0.00, -0.10, 0.21)(0.00, -0.12, 0.20)(0.01, -0.13, 0.19)(0.05, -0.11, 0.14)(0.03, -0.09, 0.18)(0.02, -0.11, 0.21)(0.02, -0.13, 0.19)(0.02, -0.13, 0.17)(0.05, -0.11, 0.14)(0.05, -0.09, 0.19)(0.04, -0.11, 0.20)(0.04, -0.12, 0.19)(0.03, -0.12, 0.18)
(0.05, -0.12, 0.11)(0.03, -0.10, 0.15)(0.02, -0.12, 0.12)(-0.01, -0.13, 0.14)(-0.02, -0.13, 0.18)(-0.01, -0.13, 0.19)(0.03, -0.12, 0.12)(0.00, -0.08, 0.16)(-0.02, -0.08, 0.20)(-0.03, -0.08, 0.22)(-0.04, -0.08, 0.23)(0.04, -0.12, 0.12)(0.02, -0.08, 0.16)(0.00, -0.10, 0.20)(0.00, -0.13, 0.19)(0.01, -0.13, 0.17)(0.05, -0.12, 0.13)(0.03, -0.09, 0.17)(0.02, -0.11, 0.20)(0.02, -0.13, 0.18)(0.02, -0.13, 0.16)(0.06, -0.12, 0.13)(0.05, -0.10, 0.18)(0.04, -0.11, 0.19)(0.04, -0.13, 0.18)(0.04, -0.12, 0.17)
(0.01, -0.11, 0.16)(0.00, -0.08, 0.20)(-0.01, -0.11, 0.17)(-0.04, -0.11, 0.20)(-0.05, -0.11, 0.23)(-0.04, -0.11, 0.25)(0.00, -0.10, 0.18)(-0.04, -0.07, 0.22)(-0.06, -0.06, 0.25)(-0.07, -0.06, 0.28)(-0.07, -0.06, 0.29)(0.01, -0.10, 0.18)(-0.02, -0.07, 0.22)(-0.03, -0.09, 0.26)(-0.03, -0.11, 0.24)(-0.02, -0.12, 0.23)(0.02, -0.10, 0.18)(0.00, -0.07, 0.22)(-0.01, -0.10, 0.25)(-0.01, -0.11, 0.23)(-0.01, -0.11, 0.21)(0.02, -0.10, 0.19)(0.02, -0.08, 0.23)(0.01, -0.10, 0.25)(0.01, -0.11, 0.23)(0.00, -0.11, 0.22)
(-0.02, -0.09, 0.25)(-0.04, -0.07, 0.29)(-0.05, -0.09, 0.26)(-0.08, -0.10, 0.29)(-0.08, -0.10, 0.33)(-0.08, -0.10, 0.34)(-0.04, -0.09, 0.27)(-0.07, -0.06, 0.31)(-0.09, -0.05, 0.35)(-0.09, -0.06, 0.37)(-0.10, -0.06, 0.39)(-0.03, -0.09, 0.27)(-0.05, -0.05, 0.31)(-0.06, -0.08, 0.35)(-0.06, -0.10, 0.33)(-0.05, -0.10, 0.32)(-0.02, -0.08, 0.27)(-0.03, -0.06, 0.32)(-0.04, -0.09, 0.34)(-0.04, -0.10, 0.32)(-0.04, -0.10, 0.30)(-0.01, -0.09, 0.27)(-0.01, -0.07, 0.32)(-0.02, -0.09, 0.33)(-0.02, -0.10, 0.32)(-0.03, -0.10, 0.30)
(-0.03, -0.10, 0.31)(-0.04, -0.08, 0.36)(-0.06, -0.10, 0.33)(-0.09, -0.11, 0.36)(-0.09, -0.11, 0.39)(-0.09, -0.12, 0.41)(-0.05, -0.09, 0.33)(-0.08, -0.07, 0.38)(-0.09, -0.08, 0.42)(-0.09, -0.09, 0.44)(-0.09, -0.10, 0.45)(-0.04, -0.09, 0.33)(-0.06, -0.07, 0.38)(-0.06, -0.09, 0.42)(-0.06, -0.11, 0.40)(-0.06, -0.11, 0.38)(-0.03, -0.09, 0.33)(-0.04, -0.07, 0.38)(-0.04, -0.10, 0.41)(-0.05, -0.11, 0.39)(-0.05, -0.11, 0.37)(-0.02, -0.09, 0.34)(-0.02, -0.08, 0.39)(-0.03, -0.09, 0.40)(-0.03, -0.11, 0.39)(-0.04, -0.10, 0.38)
(-0.03, -0.10, 0.31)(-0.04, -0.08, 0.36)(-0.06, -0.10, 0.33)(-0.09, -0.11, 0.36)(-0.09, -0.11, 0.39)(-0.09, -0.12, 0.41)(-0.05, -0.09, 0.33)(-0.08, -0.07, 0.38)(-0.09, -0.08, 0.42)(-0.09, -0.09, 0.44)(-0.09, -0.10, 0.45)(-0.04, -0.09, 0.33)(-0.06, -0.07, 0.38)(-0.06, -0.09, 0.42)(-0.06, -0.11, 0.40)(-0.06, -0.11, 0.38)(-0.03, -0.09, 0.33)(-0.04, -0.07, 0.38)(-0.04, -0.10, 0.41)(-0.05, -0.11, 0.39)(-0.05, -0.11, 0.37)(-0.02, -0.09, 0.34)(-0.02, -0.08, 0.39)(-0.03, -0.09, 0.40)(-0.03, -0.11, 0.39)(-0.04, -0.10, 0.38)
(-0.01, -0.10, 0.27)(-0.02, -0.08, 0.32)(-0.04, -0.10, 0.29)(-0.07, -0.11, 0.32)(-0.07, -0.12, 0.35)(-0.07, -0.13, 0.37)(-0.03, -0.10, 0.29)(-0.06, -0.07, 0.34)(-0.07, -0.08, 0.38)(-0.07, -0.10, 0.40)(-0.07, -0.11, 0.41)(-0.02, -0.10, 0.29)(-0.04, -0.07, 0.34)(-0.04, -0.10, 0.38)(-0.04, -0.12, 0.36)(-0.04, -0.12, 0.35)(-0.01, -0.09, 0.30)(-0.02, -0.08, 0.35)(-0.03, -0.10, 0.37)(-0.03, -0.12, 0.35)(-0.03, -0.12, 0.34)(0.00, -0.10, 0.30)(0.00, -0.09, 0.35)(-0.01, -0.10, 0.37)(-0.01, -0.11, 0.35)(-0.02, -0.11, 0.34)
(0.03, -0.11, 0.17)(0.01, -0.10, 0.22)(0.00, -0.11, 0.18)(-0.03, -0.12, 0.21)(-0.04, -0.13, 0.24)(-0.03, -0.13, 0.26)(0.01, -0.11, 0.19)(-0.02, -0.08, 0.23)(-0.04, -0.08, 0.27)(-0.04, -0.08, 0.30)(-0.05, -0.09, 0.31)(0.02, -0.11, 0.19)(0.00, -0.08, 0.24)(-0.01, -0.10, 0.27)(-0.01, -0.13, 0.26)(-0.01, -0.13, 0.24)(0.03, -0.11, 0.19)(0.02, -0.09, 0.24)(0.01, -0.11, 0.27)(0.00, -0.13, 0.25)(0.01, -0.13, 0.23)(0.04, -0.11, 0.20)(0.03, -0.10, 0.25)(0.02, -0.12, 0.26)(0.02, -0.13, 0.24)(0.02, -0.12, 0.23)
(0.05, -0.12, 0.13)(0.04, -0.10, 0.18)(0.03, -0.12, 0.14)(0.00, -0.13, 0.17)(-0.01, -0.14, 0.20)(0.00, -0.14, 0.22)(0.04, -0.12, 0.15)(0.00, -0.09, 0.19)(-0.02, -0.08, 0.23)(-0.03, -0.08, 0.25)(-0.03, -0.08, 0.27)(0.05, -0.12, 0.15)(0.02, -0.09, 0.19)(0.01, -0.11, 0.23)(0.01, -0.13, 0.22)(0.01, -0.14, 0.20)(0.05, -0.12, 0.15)(0.04, -0.09, 0.20)(0.03, -0.12, 0.23)(0.03, -0.13, 0.21)(0.03, -0.13, 0.19)(0.06, -0.12, 0.16)(0.06, -0.10, 0.21)(0.05, -0.12, 0.22)(0.05, -0.13, 0.21)(0.04, -0.13, 0.19)
(0.04, -0.11, 0.15)(0.02, -0.09, 0.19)(0.01, -0.11, 0.16)(-0.02, -0.12, 0.19)(-0.03, -0.12, 0.22)(-0.02, -0.12, 0.23)(0.02, -0.11, 0.17)(-0.02, -0.08, 0.21)(-0.04, -0.07, 0.25)(-0.05, -0.07, 0.27)(-0.05, -0.07, 0.28)(0.03, -0.11, 0.17)(0.00, -0.08, 0.21)(-0.01, -0.10, 0.25)(-0.01, -0.12, 0.23)(0.00, -0.12, 0.22)(0.04, -0.11, 0.17)(0.02, -0.08, 0.22)(0.01, -0.11, 0.24)(0.01, -0.12, 0.22)(0.02, -0.12, 0.21)(0.05, -0.11, 0.18)(0.04, -0.09, 0.22)(0.03, -0.11, 0.24)(0.03, -0.12, 0.22)(0.03, -0.12, 0.21)
(0.04, -0.11, 0.15)(0.02, -0.09, 0.19)(0.01, -0.11, 0.16)(-0.02, -0.12, 0.19)(-0.03, -0.12, 0.22)(-0.02, -0.12, 0.23)(0.02, -0.11, 0.17)(-0.02, -0.08, 0.21)(-0.04, -0.07, 0.25)(-0.05, -0.07, 0.27)(-0.05, -0.07, 0.28)(0.03, -0.11, 0.17)(0.00, -0.08, 0.21)(-0.01, -0.10, 0.25)(-0.01, -0.12, 0.23)(0.00, -0.12, 0.22)(0.04, -0.11, 0.17)(0.02, -0.08, 0.22)(0.01, -0.11, 0.24)(0.01, -0.12, 0.22)(0.02, -0.12, 0.21)(0.05, -0.11, 0.18)(0.04, -0.09, 0.22)(0.03, -0.11, 0.24)(0.03, -0.12, 0.22)(0.03, -0.12, 0.21)
(-0.01, -0.09, 0.24)(-0.03, -0.07, 0.28)(-0.04, -0.09, 0.25)(-0.07, -0.10, 0.28)(-0.08, -0.10, 0.31)(-0.08, -0.10, 0.33)(-0.03, -0.09, 0.26)(-0.07, -0.06, 0.30)(-0.09, -0.05, 0.34)(-0.10, -0.05, 0.36)(-0.10, -0.05, 0.37)(-0.02, -0.09, 0.26)(-0.05, -0.05, 0.30)(-0.06, -0.08, 0.34)(-0.06, -0.10, 0.32)(-0.05, -0.10, 0.30)(-0.01, -0.08, 0.26)(-0.03, -0.06, 0.31)(-0.04, -0.09, 0.33)(-0.04, -0.10, 0.31)(-0.04, -0.10, 0.29)(-0.01, -0.09, 0.27)(-0.01, -0.07, 0.31)(-0.02, -0.09, 0.33)(-0.02, -0.10, 0.31)(-0.02, -0.09, 0.30)
(-0.04, -0.09, 0.32)(-0.05, -0.08, 0.37)(-0.06, -0.10, 0.34)(-0.10, -0.10, 0.37)(-0.10, -0.11, 0.40)(-0.10, -0.11, 0.41)(-0.05, -0.09, 0.34)(-0.09, -0.06, 0.39)(-0.10, -0.07, 0.43)(-0.10, -0.07, 0.45)(-0.10, -0.08, 0.46)(-0.05, -0.09, 0.34)(-0.07, -0.06, 0.39)(-0.07, -0.09, 0.42)(-0.07, -0.11, 0.40)(-0.07, -0.11, 0.39)(-0.04, -0.09, 0.34)(-0.05, -0.07, 0.39)(-0.06, -0.10, 0.41)(-0.06, -0.11, 0.39)(-0.06, -0.11, 0.38)(-0.03, -0.09, 0.35)(-0.03, -0.08, 0.39)(-0.04, -0.10, 0.41)(-0.04, -0.11, 0.39)(-0.05, -0.10, 0.38)
(-0.02, -0.10, 0.30)(-0.03, -0.08, 0.35)(-0.04, -0.10, 0.31)(-0.07, -0.11, 0.35)(-0.08, -0.12, 0.38)(-0.08, -0.12, 0.39)(-0.04, -0.09, 0.32)(-0.07, -0.07, 0.37)(-0.07, -0.08, 0.41)(-0.08, -0.09, 0.43)(-0.08, -0.10, 0.44)(-0.03, -0.09, 0.32)(-0.05, -0.07, 0.37)(-0.05, -0.09, 0.40)(-0.05, -0.12, 0.38)(-0.05, -0.12, 0.37)(-0.02, -0.09, 0.32)(-0.03, -0.07, 0.37)(-0.03, -0.10, 0.40)(-0.04, -0.11, 0.38)(-0.04, -0.11, 0.36)(-0.01, -0.09, 0.32)(-0.01, -0.08, 0.37)(-0.02, -0.10, 0.39)(-0.02, -0.11, 0.37)(-0.02, -0.11, 0.36)
(0.01, -0.10, 0.22)(0.00, -0.09, 0.26)(-0.01, -0.10, 0.23)(-0.04, -0.12, 0.26)(-0.05, -0.12, 0.29)(-0.05, -0.13, 0.31)(0.00, -0.10, 0.24)(-0.04, -0.07, 0.28)(-0.05, -0.08, 0.32)(-0.05, -0.08, 0.34)(-0.06, -0.09, 0.36)(0.01, -0.10, 0.24)(-0.01, -0.07, 0.29)(-0.03, -0.10, 0.32)(-0.02, -0.12, 0.31)(-0.02, -0.12, 0.29)(0.01, -0.10, 0.24)(0.00, -0.08, 0.29)(-0.01, -0.11, 0.31)(-0.01, -0.12, 0.30)(-0.01, -0.12, 0.28)(0.02, -0.10, 0.24)(0.02, -0.09, 0.29)(0.01, -0.11, 0.31)(0.01, -0.12, 0.29)(0.01, -0.12, 0.28)
(0.05, -0.12, 0.14)(0.03, -0.10, 0.18)(0.02, -0.12, 0.15)(-0.01, -0.13, 0.18)(-0.01, -0.14, 0.21)(-0.01, -0.14, 0.23)(0.03, -0.12, 0.16)(0.00, -0.09, 0.20)(-0.02, -0.09, 0.24)(-0.03, -0.09, 0.26)(-0.03, -0.09, 0.27)(0.04, -0.12, 0.16)(0.02, -0.09, 0.20)(0.01, -0.11, 0.24)(0.01, -0.13, 0.23)(0.01, -0.14, 0.21)(0.05, -0.12, 0.16)(0.03, -0.09, 0.21)(0.03, -0.12, 0.23)(0.03, -0.13, 0.22)(0.03, -0.13, 0.20)(0.06, -0.12, 0.16)(0.05, -0.10, 0.21)(0.05, -0.12, 0.23)(0.04, -0.13, 0.22)(0.04, -0.13, 0.20)
(0.05, -0.13, 0.12)(0.04, -0.11, 0.16)(0.03, -0.13, 0.13)(-0.01, -0.14, 0.15)(-0.01, -0.14, 0.18)(0.00, -0.14, 0.20)(0.04, -0.12, 0.13)(0.00, -0.09, 0.17)(-0.02, -0.09, 0.21)(-0.03, -0.08, 0.23)(-0.04, -0.08, 0.24)(0.04, -0.12, 0.13)(0.02, -0.09, 0.17)(0.01, -0.11, 0.21)(0.01, -0.14, 0.20)(0.02, -0.14, 0.18)(0.05, -0.12, 0.14)(0.04, -0.10, 0.18)(0.03, -0.12, 0.21)(0.03, -0.14, 0.19)(0.03, -0.13, 0.17)(0.06, -0.12, 0.14)(0.06, -0.10, 0.19)(0.05, -0.12, 0.20)(0.05, -0.13, 0.19)(0.04, -0.13, 0.17)
(0.02, -0.12, 0.16)(0.00, -0.10, 0.20)(0.00, -0.12, 0.17)(-0.04, -0.13, 0.19)(-0.05, -0.13, 0.22)(-0.04, -0.12, 0.24)(0.01, -0.11, 0.17)(-0.03, -0.08, 0.21)(-0.06, -0.08, 0.25)(-0.07, -0.07, 0.27)(-0.07, -0.07, 0.28)(0.01, -0.11, 0.17)(-0.01, -0.08, 0.21)(-0.03, -0.10, 0.25)(-0.02, -0.13, 0.24)(-0.02, -0.13, 0.22)(0.02, -0.11, 0.18)(0.00, -0.09, 0.22)(-0.01, -0.11, 0.25)(0.00, -0.12, 0.23)(0.00, -0.12, 0.21)(0.03, -0.11, 0.18)(0.02, -0.09, 0.23)(0.01, -0.11, 0.24)(0.01, -0.12, 0.23)(0.01, -0.12, 0.21)
(-0.02, -0.10, 0.24)(-0.03, -0.07, 0.28)(-0.04, -0.10, 0.25)(-0.08, -0.10, 0.28)(-0.09, -0.11, 0.31)(-0.08, -0.11, 0.32)(-0.03, -0.09, 0.25)(-0.07, -0.06, 0.29)(-0.09, -0.06, 0.33)(-0.10, -0.05, 0.35)(-0.11, -0.05, 0.37)(-0.02, -0.09, 0.26)(-0.05, -0.06, 0.30)(-0.06, -0.08, 0.33)(-0.06, -0.11, 0.32)(-0.05, -0.11, 0.31)(-0.02, -0.09, 0.26)(-0.03, -0.06, 0.30)(-0.04, -0.09, 0.33)(-0.04, -0.10, 0.31)(-0.04, -0.10, 0.29)(-0.01, -0.09, 0.26)(-0.01, -0.07, 0.31)(-0.02, -0.09, 0.33)(-0.02, -0.10, 0.31)(-0.03, -0.10, 0.30)
(-0.04, -0.09, 0.31)(-0.05, -0.07, 0.35)(-0.06, -0.09, 0.32)(-0.09, -0.10, 0.35)(-0.10, -0.11, 0.38)(-0.10, -0.11, 0.40)(-0.05, -0.09, 0.33)(-0.09, -0.06, 0.37)(-0.10, -0.06, 0.41)(-0.11, -0.06, 0.44)(-0.11, -0.06, 0.45)(-0.04, -0.09, 0.33)(-0.06, -0.06, 0.37)(-0.07, -0.08, 0.41)(-0.07, -0.11, 0.39)(-0.07, -0.11, 0.38)(-0.03, -0.09, 0.33)(-0.05, -0.07, 0.38)(-0.05, -0.09, 0.40)(-0.05, -0.11, 0.38)(-0.05, -0.10, 0.36)(-0.03, -0.09, 0.33)(-0.03, -0.07, 0.38)(-0.04, -0.09, 0.39)(-0.04, -0.10, 0.38)(-0.04, -0.10, 0.36)
(-0.04, -0.09, 0.32)(-0.05, -0.07, 0.37)(-0.06, -0.09, 0.33)(-0.09, -0.10, 0.36)(-0.10, -0.11, 0.40)(-0.09, -0.11, 0.41)(-0.05, -0.09, 0.34)(-0.08, -0.06, 0.39)(-0.09, -0.06, 0.43)(-0.10, -0.07, 0.45)(-0.10, -0.08, 0.46)(-0.04, -0.09, 0.34)(-0.06, -0.06, 0.39)(-0.07, -0.09, 0.42)(-0.07, -0.11, 0.40)(-0.07, -0.11, 0.39)(-0.03, -0.08, 0.34)(-0.04, -0.07, 0.39)(-0.05, -0.10, 0.41)(-0.05, -0.11, 0.39)(-0.05, -0.10, 0.37)(-0.02, -0.09, 0.34)(-0.02, -0.08, 0.39)(-0.03, -0.10, 0.41)(-0.04, -0.10, 0.39)(-0.04, -0.10, 0.38)
(-0.02, -0.09, 0.26)(-0.03, -0.07, 0.30)(-0.04, -0.09, 0.27)(-0.07, -0.10, 0.30)(-0.08, -0.11, 0.33)(-0.07, -0.12, 0.35)(-0.03, -0.09, 0.27)(-0.06, -0.06, 0.32)(-0.07, -0.06, 0.36)(-0.08, -0.07, 0.38)(-0.08, -0.08, 0.40)(-0.02, -0.09, 0.28)(-0.04, -0.06, 0.32)(-0.05, -0.09, 0.36)(-0.05, -0.11, 0.34)(-0.05, -0.11, 0.33)(-0.01, -0.09, 0.28)(-0.02, -0.07, 0.33)(-0.03, -0.09, 0.35)(-0.03, -0.11, 0.33)(-0.03, -0.11, 0.31)(0.00, -0.09, 0.28)(0.00, -0.08, 0.33)(-0.01, -0.10, 0.34)(-0.02, -0.11, 0.33)(-0.02, -0.10, 0.32)
(0.03, -0.11, 0.17)(0.01, -0.09, 0.22)(0.00, -0.11, 0.18)(-0.03, -0.12, 0.21)(-0.04, -0.12, 0.24)(-0.04, -0.13, 0.26)(0.01, -0.10, 0.19)(-0.03, -0.07, 0.23)(-0.04, -0.07, 0.27)(-0.05, -0.07, 0.29)(-0.06, -0.08, 0.31)(0.02, -0.10, 0.19)(-0.01, -0.07, 0.23)(-0.02, -0.09, 0.27)(-0.02, -0.12, 0.26)(-0.01, -0.12, 0.24)(0.03, -0.10, 0.19)(0.01, -0.08, 0.24)(0.00, -0.11, 0.27)(0.00, -0.12, 0.25)(0.00, -0.12, 0.23)(0.04, -0.11, 0.20)(0.03, -0.09, 0.25)(0.02, -0.11, 0.26)(0.02, -0.12, 0.25)(0.01, -0.12, 0.23)
(0.04, -0.12, 0.13)(0.03, -0.10, 0.17)(0.02, -0.12, 0.14)(-0.01, -0.13, 0.17)(-0.02, -0.14, 0.20)(-0.01, -0.13, 0.21)(0.03, -0.12, 0.14)(-0.01, -0.09, 0.18)(-0.03, -0.08, 0.22)(-0.03, -0.08, 0.25)(-0.04, -0.08, 0.26)(0.04, -0.12, 0.15)(0.01, -0.09, 0.19)(0.00, -0.11, 0.22)(0.00, -0.13, 0.21)(0.01, -0.14, 0.20)(0.05, -0.12, 0.15)(0.03, -0.09, 0.19)(0.02, -0.12, 0.22)(0.02, -0.13, 0.20)(0.02, -0.13, 0.19)(0.05, -0.12, 0.15)(0.05, -0.10, 0.20)(0.04, -0.12, 0.22)(0.04, -0.13, 0.20)(0.03, -0.13, 0.19)
(0.03, -0.12, 0.14)(0.01, -0.10, 0.18)(0.01, -0.12, 0.15)(-0.03, -0.13, 0.17)(-0.04, -0.13, 0.20)(-0.03, -0.13, 0.22)(0.01, -0.12, 0.15)(-0.02, -0.08, 0.19)(-0.04, -0.08, 0.23)(-0.05, -0.08, 0.25)(-0.06, -0.08, 0.26)(0.02, -0.11, 0.15)(0.00, -0.08, 0.20)(-0.02, -0.10, 0.23)(-0.01, -0.13, 0.22)(-0.01, -0.13, 0.20)(0.03, -0.11, 0.16)(0.01, -0.09, 0.20)(0.00, -0.11, 0.23)(0.00, -0.13, 0.21)(0.01, -0.13, 0.19)(0.04, -0.12, 0.16)(0.03, -0.10, 0.21)(0.02, -0.11, 0.22)(0.02, -0.13, 0.21)(0.02, -0.12, 0.19)
(-0.01, -0.10, 0.21)(-0.02, -0.08, 0.25)(-0.03, -0.10, 0.22)(-0.07, -0.11, 0.24)(-0.08, -0.11, 0.27)(-0.07, -0.11, 0.29)(-0.02, -0.10, 0.22)(-0.06, -0.06, 0.26)(-0.08, -0.06, 0.30)(-0.09, -0.06, 0.32)(-0.09, -0.06, 0.33)(-0.02, -0.10, 0.22)(-0.04, -0.06, 0.26)(-0.05, -0.08, 0.30)(-0.05, -0.11, 0.28)(-0.05, -0.11, 0.27)(-0.01, -0.09, 0.23)(-0.02, -0.07, 0.27)(-0.03, -0.10, 0.29)(-0.03, -0.11, 0.28)(-0.03, -0.11, 0.26)(0.00, -0.10, 0.23)(-0.01, -0.08, 0.28)(-0.01, -0.10, 0.29)(-0.02, -0.11, 0.27)(-0.02, -0.10, 0.26)
(-0.04, -0.09, 0.28)(-0.06, -0.07, 0.33)(-0.07, -0.09, 0.29)(-0.10, -0.10, 0.32)(-0.11, -0.10, 0.35)(-0.10, -0.10, 0.37)(-0.06, -0.08, 0.30)(-0.09, -0.05, 0.34)(-0.11, -0.05, 0.38)(-0.11, -0.05, 0.41)(-0.12, -0.05, 0.42)(-0.05, -0.08, 0.30)(-0.07, -0.05, 0.35)(-0.08, -0.08, 0.38)(-0.08, -0.10, 0.37)(-0.08, -0.10, 0.35)(-0.04, -0.08, 0.30)(-0.05, -0.06, 0.35)(-0.06, -0.08, 0.37)(-0.06, -0.10, 0.36)(-0.06, -0.10, 0.34)(-0.03, -0.08, 0.31)(-0.04, -0.07, 0.35)(-0.04, -0.08, 0.37)(-0.05, -0.10, 0.35)(-0.05, -0.09, 0.34)
(-0.04, -0.09, 0.28)(-0.06, -0.07, 0.33)(-0.07, -0.09, 0.29)(-0.10, -0.10, 0.32)(-0.11, -0.10, 0.35)(-0.10, -0.10, 0.37)(-0.06, -0.08, 0.30)(-0.09, -0.05, 0.34)(-0.11, -0.05, 0.38)(-0.11, -0.05, 0.41)(-0.12, -0.05, 0.42)(-0.05, -0.08, 0.30)(-0.07, -0.05, 0.35)(-0.08, -0.08, 0.38)(-0.08, -0.10, 0.37)(-0.08, -0.10, 0.35)(-0.04, -0.08, 0.30)(-0.05, -0.06, 0.35)(-0.06, -0.08, 0.37)(-0.06, -0.10, 0.36)(-0.06, -0.10, 0.34)(-0.03, -0.08, 0.31)(-0.04, -0.07, 0.35)(-0.04, -0.08, 0.37)(-0.05, -0.10, 0.35)(-0.05, -0.09, 0.34)
(-0.04, -0.09, 0.31)(-0.05, -0.08, 0.36)(-0.07, -0.10, 0.32)(-0.10, -0.11, 0.35)(-0.10, -0.11, 0.39)(-0.10, -0.12, 0.40)(-0.06, -0.09, 0.33)(-0.09, -0.07, 0.37)(-0.10, -0.07, 0.42)(-0.11, -0.07, 0.44)(-0.11, -0.08, 0.45)(-0.05, -0.09, 0.33)(-0.07, -0.06, 0.38)(-0.08, -0.09, 0.41)(-0.07, -0.11, 0.40)(-0.07, -0.11, 0.38)(-0.04, -0.09, 0.33)(-0.05, -0.07, 0.38)(-0.06, -0.09, 0.41)(-0.06, -0.11, 0.39)(-0.06, -0.11, 0.37)(-0.03, -0.09, 0.33)(-0.03, -0.08, 0.38)(-0.04, -0.09, 0.40)(-0.04, -0.10, 0.39)(-0.05, -0.10, 0.37)
(-0.02, -0.10, 0.26)(-0.03, -0.08, 0.31)(-0.04, -0.10, 0.28)(-0.07, -0.11, 0.31)(-0.08, -0.12, 0.34)(-0.08, -0.12, 0.36)(-0.04, -0.10, 0.28)(-0.07, -0.07, 0.32)(-0.08, -0.07, 0.37)(-0.09, -0.08, 0.39)(-0.09, -0.08, 0.40)(-0.03, -0.10, 0.28)(-0.05, -0.07, 0.33)(-0.06, -0.09, 0.36)(-0.06, -0.11, 0.35)(-0.05, -0.12, 0.34)(-0.02, -0.09, 0.28)(-0.03, -0.07, 0.33)(-0.04, -0.10, 0.36)(-0.04, -0.11, 0.34)(-0.04, -0.11, 0.32)(-0.01, -0.09, 0.28)(-0.01, -0.08, 0.34)(-0.02, -0.10, 0.35)(-0.02, -0.11, 0.34)(-0.03, -0.11, 0.33)
(0.02, -0.12, 0.17)(0.00, -0.10, 0.21)(-0.01, -0.12, 0.18)(-0.04, -0.13, 0.21)(-0.05, -0.13, 0.24)(-0.04, -0.13, 0.26)(0.00, -0.11, 0.19)(-0.04, -0.09, 0.23)(-0.05, -0.08, 0.27)(-0.06, -0.08, 0.29)(-0.07, -0.08, 0.30)(0.01, -0.11, 0.19)(-0.02, -0.08, 0.23)(-0.03, -0.10, 0.27)(-0.02, -0.13, 0.26)(-0.02, -0.13, 0.24)(0.02, -0.11, 0.19)(0.00, -0.09, 0.24)(-0.01, -0.11, 0.27)(-0.01, -0.13, 0.25)(0.00, -0.13, 0.23)(0.03, -0.11, 0.19)(0.02, -0.09, 0.24)(0.01, -0.11, 0.26)(0.01, -0.12, 0.25)(0.01, -0.12, 0.23)
(0.04, -0.13, 0.12)(0.02, -0.11, 0.16)(0.01, -0.13, 0.13)(-0.02, -0.14, 0.16)(-0.03, -0.14, 0.19)(-0.02, -0.14, 0.20)(0.02, -0.13, 0.13)(-0.02, -0.09, 0.17)(-0.04, -0.09, 0.21)(-0.05, -0.08, 0.23)(-0.05, -0.08, 0.24)(0.03, -0.12, 0.13)(0.00, -0.09, 0.17)(-0.01, -0.11, 0.21)(-0.01, -0.13, 0.20)(0.00, -0.14, 0.19)(0.04, -0.12, 0.14)(0.02, -0.10, 0.18)(0.01, -0.12, 0.21)(0.01, -0.13, 0.19)(0.01, -0.14, 0.18)(0.04, -0.12, 0.14)(0.04, -0.10, 0.19)(0.03, -0.12, 0.20)(0.03, -0.13, 0.19)(0.02, -0.13, 0.18)
(0.03, -0.13, 0.10)(0.01, -0.10, 0.14)(0.00, -0.13, 0.11)(-0.03, -0.13, 0.14)(-0.04, -0.13, 0.17)(-0.03, -0.13, 0.19)(0.01, -0.12, 0.12)(-0.03, -0.09, 0.16)(-0.05, -0.08, 0.19)(-0.06, -0.08, 0.21)(-0.06, -0.07, 0.23)(0.02, -0.12, 0.12)(0.00, -0.09, 0.16)(-0.02, -0.10, 0.20)(-0.02, -0.13, 0.19)(-0.01, -0.13, 0.17)(0.03, -0.12, 0.12)(0.01, -0.09, 0.17)(0.00, -0.11, 0.19)(0.00, -0.13, 0.18)(0.00, -0.13, 0.16)(0.04, -0.12, 0.13)(0.03, -0.10, 0.17)(0.02, -0.11, 0.19)(0.02, -0.13, 0.18)(0.02, -0.13, 0.16)
(-0.02, -0.09, 0.18)(-0.03, -0.07, 0.22)(-0.04, -0.09, 0.19)(-0.08, -0.10, 0.21)(-0.09, -0.10, 0.25)(-0.08, -0.10, 0.26)(-0.03, -0.09, 0.19)(-0.07, -0.06, 0.23)(-0.09, -0.05, 0.27)(-0.10, -0.04, 0.29)(-0.11, -0.04, 0.30)(-0.03, -0.09, 0.20)(-0.05, -0.05, 0.23)(-0.07, -0.07, 0.27)(-0.06, -0.10, 0.26)(-0.06, -0.10, 0.24)(-0.02, -0.09, 0.20)(-0.03, -0.06, 0.24)(-0.04, -0.08, 0.27)(-0.04, -0.10, 0.25)(-0.04, -0.10, 0.23)(-0.01, -0.09, 0.20)(-0.02, -0.07, 0.25)(-0.03, -0.08, 0.26)(-0.03, -0.10, 0.25)(-0.03, -0.10, 0.24)
(-0.05, -0.08, 0.27)(-0.07, -0.06, 0.32)(-0.08, -0.08, 0.29)(-0.11, -0.09, 0.31)(-0.12, -0.09, 0.34)(-0.12, -0.09, 0.36)(-0.07, -0.08, 0.29)(-0.11, -0.05, 0.33)(-0.12, -0.04, 0.37)(-0.13, -0.04, 0.39)(-0.14, -0.04, 0.41)(-0.06, -0.08, 0.29)(-0.09, -0.04, 0.34)(-0.10, -0.06, 0.37)(-0.10, -0.09, 0.36)(-0.09, -0.09, 0.34)(-0.05, -0.07, 0.30)(-0.07, -0.05, 0.34)(-0.08, -0.08, 0.37)(-0.08, -0.09, 0.35)(-0.08, -0.09, 0.33)(-0.05, -0.08, 0.30)(-0.05, -0.06, 0.35)(-0.06, -0.08, 0.36)(-0.06, -0.09, 0.35)(-0.06, -0.09, 0.33)
(-0.05, -0.09, 0.31)(-0.06, -0.07, 0.35)(-0.08, -0.09, 0.32)(-0.11, -0.10, 0.35)(-0.12, -0.11, 0.38)(-0.11, -0.11, 0.40)(-0.07, -0.09, 0.32)(-0.10, -0.06, 0.37)(-0.11, -0.07, 0.41)(-0.12, -0.08, 0.43)(-0.12, -0.08, 0.44)(-0.06, -0.09, 0.33)(-0.08, -0.06, 0.37)(-0.09, -0.08, 0.41)(-0.09, -0.11, 0.40)(-0.09, -0.11, 0.38)(-0.05, -0.09, 0.33)(-0.06, -0.07, 0.38)(-0.07, -0.09, 0.40)(-0.07, -0.11, 0.39)(-0.07, -0.10, 0.37)(-0.04, -0.09, 0.33)(-0.04, -0.07, 0.38)(-0.05, -0.09, 0.40)(-0.06, -0.10, 0.38)(-0.06, -0.10, 0.37)
(-0.04, -0.10, 0.28)(-0.05, -0.08, 0.32)(-0.06, -0.10, 0.29)(-0.09, -0.11, 0.32)(-0.10, -0.12, 0.35)(-0.09, -0.12, 0.37)(-0.05, -0.09, 0.29)(-0.08, -0.07, 0.34)(-0.10, -0.07, 0.38)(-0.10, -0.08, 0.40)(-0.10, -0.09, 0.41)(-0.04, -0.09, 0.29)(-0.06, -0.07, 0.34)(-0.07, -0.09, 0.38)(-0.07, -0.11, 0.36)(-0.07, -0.11, 0.34)(-0.03, -0.09, 0.30)(-0.04, -0.07, 0.35)(-0.05, -0.10, 0.37)(-0.05, -0.11, 0.35)(-0.05, -0.11, 0.33)(-0.03, -0.09, 0.30)(-0.03, -0.08, 0.35)(-0.03, -0.10, 0.36)(-0.04, -0.11, 0.35)(-0.04, -0.10, 0.33)
(0.00, -0.12, 0.19)(-0.01, -0.10, 0.23)(-0.02, -0.12, 0.20)(-0.05, -0.13, 0.23)(-0.06, -0.13, 0.27)(-0.06, -0.14, 0.28)(-0.01, -0.12, 0.21)(-0.05, -0.09, 0.25)(-0.07, -0.08, 0.29)(-0.08, -0.08, 0.31)(-0.08, -0.08, 0.33)(-0.01, -0.11, 0.21)(-0.03, -0.08, 0.25)(-0.04, -0.10, 0.29)(-0.04, -0.13, 0.28)(-0.03, -0.13, 0.26)(0.00, -0.11, 0.21)(-0.01, -0.09, 0.26)(-0.02, -0.11, 0.28)(-0.02, -0.13, 0.27)(-0.02, -0.13, 0.25)(0.01, -0.11, 0.22)(0.00, -0.09, 0.26)(0.00, -0.11, 0.28)(0.00, -0.12, 0.26)(-0.01, -0.12, 0.25)
(0.02, -0.13, 0.15)(0.00, -0.11, 0.19)(-0.01, -0.14, 0.16)(-0.04, -0.15, 0.19)(-0.04, -0.15, 0.22)(-0.04, -0.15, 0.24)(0.00, -0.13, 0.16)(-0.04, -0.10, 0.20)(-0.06, -0.09, 0.24)(-0.06, -0.09, 0.27)(-0.07, -0.09, 0.28)(0.01, -0.13, 0.17)(-0.02, -0.10, 0.21)(-0.03, -0.11, 0.25)(-0.02, -0.14, 0.24)(-0.02, -0.15, 0.22)(0.02, -0.13, 0.17)(0.00, -0.10, 0.21)(-0.01, -0.12, 0.24)(0.00, -0.14, 0.23)(0.00, -0.14, 0.21)(0.03, -0.13, 0.17)(0.02, -0.10, 0.22)(0.01, -0.12, 0.24)(0.01, -0.13, 0.23)(0.01, -0.14, 0.21)
(0.02, -0.13, 0.14)(0.00, -0.11, 0.18)(0.00, -0.14, 0.15)(-0.04, -0.15, 0.18)(-0.04, -0.15, 0.21)(-0.03, -0.14, 0.23)(0.00, -0.13, 0.16)(-0.04, -0.10, 0.20)(-0.05, -0.09, 0.24)(-0.06, -0.09, 0.26)(-0.07, -0.09, 0.27)(0.01, -0.13, 0.16)(-0.02, -0.10, 0.20)(-0.02, -0.11, 0.24)(-0.02, -0.14, 0.23)(-0.01, -0.15, 0.21)(0.02, -0.12, 0.16)(0.00, -0.10, 0.20)(0.00, -0.12, 0.23)(0.00, -0.14, 0.22)(0.00, -0.14, 0.20)(0.03, -0.12, 0.16)(0.02, -0.10, 0.21)(0.02, -0.12, 0.23)(0.02, -0.13, 0.22)(0.01, -0.13, 0.20)
(-0.01, -0.11, 0.21)(-0.03, -0.08, 0.25)(-0.04, -0.11, 0.22)(-0.07, -0.12, 0.25)(-0.08, -0.12, 0.28)(-0.07, -0.11, 0.30)(-0.03, -0.10, 0.22)(-0.07, -0.07, 0.26)(-0.09, -0.06, 0.30)(-0.10, -0.06, 0.32)(-0.10, -0.06, 0.34)(-0.02, -0.10, 0.22)(-0.05, -0.07, 0.27)(-0.06, -0.09, 0.30)(-0.05, -0.11, 0.29)(-0.05, -0.12, 0.28)(-0.01, -0.10, 0.23)(-0.03, -0.07, 0.27)(-0.03, -0.09, 0.30)(-0.03, -0.11, 0.28)(-0.03, -0.11, 0.26)(0.00, -0.10, 0.23)(-0.01, -0.08, 0.28)(-0.02, -0.09, 0.29)(-0.02, -0.11, 0.28)(-0.02, -0.11, 0.27)
(-0.01, -0.11, 0.21)(-0.03, -0.08, 0.25)(-0.04, -0.11, 0.22)(-0.07, -0.12, 0.25)(-0.08, -0.12, 0.28)(-0.07, -0.11, 0.30)(-0.03, -0.10, 0.22)(-0.07, -0.07, 0.26)(-0.09, -0.06, 0.30)(-0.10, -0.06, 0.32)(-0.10, -0.06, 0.34)(-0.02, -0.10, 0.22)(-0.05, -0.07, 0.27)(-0.06, -0.09, 0.30)(-0.05, -0.11, 0.29)(-0.05, -0.12, 0.28)(-0.01, -0.10, 0.23)(-0.03, -0.07, 0.27)(-0.03, -0.09, 0.30)(-0.03, -0.11, 0.28)(-0.03, -0.11, 0.26)(0.00, -0.10, 0.23)(-0.01, -0.08, 0.28)(-0.02, -0.09, 0.29)(-0.02, -0.11, 0.28)(-0.02, -0.11, 0.27)
(-0.05, -0.09, 0.29)(-0.06, -0.07, 0.34)(-0.07, -0.09, 0.31)(-0.10, -0.10, 0.34)(-0.11, -0.11, 0.37)(-0.10, -0.11, 0.39)(-0.06, -0.09, 0.31)(-0.10, -0.06, 0.35)(-0.11, -0.05, 0.39)(-0.12, -0.05, 0.42)(-0.12, -0.05, 0.43)(-0.06, -0.09, 0.31)(-0.08, -0.06, 0.36)(-0.09, -0.08, 0.39)(-0.08, -0.10, 0.38)(-0.08, -0.11, 0.37)(-0.05, -0.08, 0.31)(-0.06, -0.06, 0.36)(-0.07, -0.08, 0.39)(-0.07, -0.10, 0.37)(-0.07, -0.10, 0.35)(-0.04, -0.08, 0.32)(-0.04, -0.06, 0.36)(-0.05, -0.08, 0.38)(-0.05, -0.09, 0.37)(-0.05, -0.10, 0.35)
(-0.05, -0.10, 0.31)(-0.06, -0.08, 0.35)(-0.08, -0.10, 0.33)(-0.10, -0.11, 0.36)(-0.11, -0.11, 0.39)(-0.11, -0.12, 0.41)(-0.07, -0.09, 0.33)(-0.10, -0.07, 0.37)(-0.11, -0.07, 0.41)(-0.11, -0.08, 0.44)(-0.11, -0.09, 0.45)(-0.06, -0.09, 0.33)(-0.08, -0.06, 0.38)(-0.08, -0.08, 0.41)(-0.08, -0.11, 0.40)(-0.08, -0.11, 0.39)(-0.05, -0.09, 0.33)(-0.06, -0.07, 0.38)(-0.06, -0.09, 0.41)(-0.06, -0.10, 0.39)(-0.07, -0.10, 0.38)(-0.04, -0.09, 0.33)(-0.04, -0.07, 0.38)(-0.04, -0.08, 0.40)(-0.05, -0.10, 0.39)(-0.05, -0.10, 0.38)
(-0.02, -0.10, 0.24)(-0.04, -0.08, 0.28)(-0.05, -0.11, 0.25)(-0.08, -0.12, 0.28)(-0.08, -0.12, 0.32)(-0.08, -0.12, 0.33)(-0.04, -0.10, 0.26)(-0.07, -0.07, 0.30)(-0.09, -0.07, 0.34)(-0.09, -0.07, 0.36)(-0.09, -0.07, 0.38)(-0.03, -0.10, 0.26)(-0.05, -0.07, 0.30)(-0.06, -0.08, 0.34)(-0.06, -0.11, 0.33)(-0.06, -0.12, 0.32)(-0.02, -0.10, 0.26)(-0.04, -0.07, 0.31)(-0.04, -0.09, 0.34)(-0.04, -0.11, 0.32)(-0.04, -0.11, 0.31)(-0.01, -0.10, 0.26)(-0.02, -0.08, 0.31)(-0.02, -0.09, 0.33)(-0.02, -0.11, 0.32)(-0.03, -0.11, 0.31)
(-0.02, -0.10, 0.24)(-0.04, -0.08, 0.28)(-0.05, -0.11, 0.25)(-0.08, -0.12, 0.28)(-0.08, -0.12, 0.32)(-0.08, -0.12, 0.33)(-0.04, -0.10, 0.26)(-0.07, -0.07, 0.30)(-0.09, -0.07, 0.34)(-0.09, -0.07, 0.36)(-0.09, -0.07, 0.38)(-0.03, -0.10, 0.26)(-0.05, -0.07, 0.30)(-0.06, -0.08, 0.34)(-0.06, -0.11, 0.33)(-0.06, -0.12, 0.32)(-0.02, -0.10, 0.26)(-0.04, -0.07, 0.31)(-0.04, -0.09, 0.34)(-0.04, -0.11, 0.32)(-0.04, -0.11, 0.31)(-0.01, -0.10, 0.26)(-0.02, -0.08, 0.31)(-0.02, -0.09, 0.33)(-0.02, -0.11, 0.32)(-0.03, -0.11, 0.31)
(0.01, -0.13, 0.16)(-0.01, -0.10, 0.20)(-0.01, -0.13, 0.17)(-0.04, -0.14, 0.20)(-0.05, -0.14, 0.23)(-0.05, -0.14, 0.25)(-0.01, -0.12, 0.18)(-0.05, -0.09, 0.21)(-0.06, -0.08, 0.25)(-0.07, -0.08, 0.28)(-0.08, -0.08, 0.29)(0.00, -0.12, 0.18)(-0.03, -0.09, 0.22)(-0.04, -0.10, 0.26)(-0.03, -0.13, 0.25)(-0.03, -0.14, 0.24)(0.01, -0.12, 0.18)(-0.01, -0.09, 0.22)(-0.01, -0.11, 0.25)(-0.01, -0.13, 0.24)(-0.01, -0.13, 0.22)(0.02, -0.12, 0.18)(0.01, -0.10, 0.23)(0.01, -0.11, 0.25)(0.00, -0.13, 0.24)(0.00, -0.13, 0.22)
(0.02, -0.13, 0.12)(0.00, -0.11, 0.16)(0.00, -0.14, 0.13)(-0.04, -0.14, 0.16)(-0.04, -0.15, 0.19)(-0.04, -0.14, 0.21)(0.01, -0.13, 0.14)(-0.04, -0.10, 0.17)(-0.06, -0.09, 0.21)(-0.07, -0.09, 0.23)(-0.07, -0.09, 0.25)(0.01, -0.13, 0.14)(-0.02, -0.10, 0.18)(-0.03, -0.11, 0.22)(-0.02, -0.14, 0.21)(-0.02, -0.14, 0.19)(0.02, -0.12, 0.14)(0.00, -0.10, 0.18)(0.00, -0.12, 0.21)(0.00, -0.14, 0.20)(0.00, -0.14, 0.18)(0.03, -0.12, 0.14)(0.02, -0.10, 0.19)(0.01, -0.12, 0.21)(0.01, -0.13, 0.20)(0.01, -0.13, 0.18)
(0.00, -0.12, 0.15)(-0.02, -0.09, 0.19)(-0.02, -0.12, 0.16)(-0.06, -0.13, 0.19)(-0.07, -0.13, 0.22)(-0.06, -0.13, 0.24)(-0.02, -0.11, 0.17)(-0.06, -0.08, 0.20)(-0.08, -0.08, 0.24)(-0.09, -0.07, 0.26)(-0.10, -0.07, 0.28)(-0.01, -0.11, 0.17)(-0.04, -0.08, 0.21)(-0.05, -0.10, 0.25)(-0.04, -0.12, 0.24)(-0.04, -0.13, 0.22)(0.00, -0.11, 0.17)(-0.02, -0.08, 0.21)(-0.03, -0.11, 0.24)(-0.03, -0.12, 0.23)(-0.02, -0.12, 0.21)(0.01, -0.11, 0.18)(0.00, -0.09, 0.22)(-0.01, -0.10, 0.24)(-0.01, -0.12, 0.23)(-0.01, -0.12, 0.21)

