(0.02, -0.04, 0.36)(0.01, -0.02, 0.40)(0.00, -0.05, 0.37)(-0.03, -0.05, 0.40)(-0.03, -0.06, 0.43)(-0.03, -0.06, 0.45)(0.01, -0.04, 0.37)(-0.02, -0.01, 0.42)(-0.03, 0.00, 0.46)(-0.04, 0.00, 0.48)(-0.04, 0.00, 0.50)(0.02, -0.04, 0.37)(0.00, -0.01, 0.42)(-0.01, -0.02, 0.46)(0.00, -0.05, 0.45)(0.00, -0.06, 0.43)(0.03, -0.04, 0.38)(0.02, -0.01, 0.42)(0.01, -0.03, 0.45)(0.01, -0.05, 0.43)(0.01, -0.05, 0.42)(0.04, -0.04, 0.38)(0.04, -0.02, 0.43)(0.03, -0.03, 0.44)(0.03, -0.05, 0.43)(0.02, -0.05, 0.42)
(0.02, -0.04, 0.36)(0.01, -0.02, 0.40)(0.00, -0.05, 0.37)(-0.03, -0.05, 0.40)(-0.03, -0.06, 0.43)(-0.03, -0.06, 0.45)(0.01, -0.04, 0.37)(-0.02, -0.01, 0.42)(-0.03, 0.00, 0.46)(-0.04, 0.00, 0.48)(-0.04, 0.00, 0.50)(0.02, -0.04, 0.37)(0.00, -0.01, 0.42)(-0.01, -0.02, 0.46)(0.00, -0.05, 0.45)(0.00, -0.06, 0.43)(0.03, -0.04, 0.38)(0.02, -0.01, 0.42)(0.01, -0.03, 0.45)(0.01, -0.05, 0.43)(0.01, -0.05, 0.42)(0.04, -0.04, 0.38)(0.04, -0.02, 0.43)(0.03, -0.03, 0.44)(0.03, -0.05, 0.43)(0.02, -0.05, 0.42)
(0.02, -0.04, 0.36)(0.01, -0.02, 0.41)(0.00, -0.05, 0.38)(-0.03, -0.05, 0.41)(-0.03, -0.06, 0.44)(-0.03, -0.06, 0.46)(0.01, -0.04, 0.38)(-0.03, -0.01, 0.42)(-0.04, 0.00, 0.47)(-0.04, 0.00, 0.49)(-0.04, 0.00, 0.50)(0.01, -0.04, 0.38)(-0.01, -0.01, 0.43)(-0.01, -0.03, 0.46)(-0.01, -0.05, 0.45)(-0.01, -0.06, 0.44)(0.02, -0.04, 0.38)(0.01, -0.01, 0.43)(0.01, -0.03, 0.46)(0.01, -0.05, 0.44)(0.01, -0.05, 0.42)(0.03, -0.04, 0.38)(0.03, -0.02, 0.43)(0.03, -0.03, 0.45)(0.02, -0.05, 0.44)(0.02, -0.05, 0.42)
(0.02, -0.04, 0.38)(0.01, -0.02, 0.42)(0.00, -0.04, 0.39)(-0.03, -0.05, 0.43)(-0.03, -0.05, 0.46)(-0.03, -0.05, 0.48)(0.01, -0.04, 0.39)(-0.03, -0.01, 0.44)(-0.03, 0.00, 0.48)(-0.04, 0.00, 0.51)(-0.04, 0.00, 0.52)(0.01, -0.04, 0.40)(0.00, -0.01, 0.44)(-0.01, -0.02, 0.48)(-0.01, -0.05, 0.47)(-0.01, -0.05, 0.46)(0.02, -0.04, 0.40)(0.02, -0.01, 0.44)(0.01, -0.03, 0.47)(0.01, -0.05, 0.46)(0.01, -0.05, 0.44)(0.03, -0.04, 0.40)(0.03, -0.02, 0.45)(0.03, -0.03, 0.47)(0.02, -0.05, 0.45)(0.02, -0.05, 0.44)
(0.02, -0.04, 0.39)(0.01, -0.01, 0.43)(-0.01, -0.04, 0.40)(-0.03, -0.05, 0.44)(-0.04, -0.05, 0.47)(-0.03, -0.05, 0.49)(0.00, -0.03, 0.41)(-0.03, 0.00, 0.45)(-0.03, -0.01, 0.49)(-0.03, -0.02, 0.51)(-0.03, -0.03, 0.53)(0.01, -0.03, 0.41)(-0.01, 0.00, 0.45)(-0.01, -0.02, 0.49)(-0.01, -0.04, 0.48)(-0.01, -0.05, 0.47)(0.02, -0.03, 0.41)(0.01, 0.00, 0.46)(0.01, -0.03, 0.49)(0.01, -0.04, 0.47)(0.00, -0.04, 0.45)(0.03, -0.03, 0.41)(0.03, -0.01, 0.46)(0.03, -0.02, 0.48)(0.02, -0.04, 0.47)(0.02, -0.04, 0.45)
(0.02, -0.04, 0.39)(0.01, -0.01, 0.43)(-0.01, -0.04, 0.40)(-0.03, -0.05, 0.44)(-0.04, -0.05, 0.47)(-0.03, -0.05, 0.49)(0.00, -0.03, 0.41)(-0.03, 0.00, 0.45)(-0.03, -0.01, 0.49)(-0.03, -0.02, 0.51)(-0.03, -0.03, 0.53)(0.01, -0.03, 0.41)(-0.01, 0.00, 0.45)(-0.01, -0.02, 0.49)(-0.01, -0.04, 0.48)(-0.01, -0.05, 0.47)(0.02, -0.03, 0.41)(0.01, 0.00, 0.46)(0.01, -0.03, 0.49)(0.01, -0.04, 0.47)(0.00, -0.04, 0.45)(0.03, -0.03, 0.41)(0.03, -0.01, 0.46)(0.03, -0.02, 0.48)(0.02, -0.04, 0.47)(0.02, -0.04, 0.45)
(0.02, -0.03, 0.37)(0.01, -0.01, 0.41)(0.00, -0.04, 0.38)(-0.03, -0.04, 0.41)(-0.04, -0.05, 0.45)(-0.03, -0.05, 0.47)(0.01, -0.03, 0.39)(-0.03, 0.00, 0.43)(-0.03, 0.00, 0.47)(-0.04, -0.01, 0.50)(-0.04, -0.01, 0.51)(0.01, -0.03, 0.39)(0.00, 0.00, 0.43)(-0.01, -0.02, 0.47)(-0.01, -0.04, 0.46)(-0.01, -0.05, 0.45)(0.02, -0.03, 0.39)(0.01, 0.00, 0.44)(0.01, -0.03, 0.47)(0.01, -0.04, 0.45)(0.00, -0.04, 0.43)(0.03, -0.03, 0.39)(0.03, -0.01, 0.44)(0.03, -0.03, 0.46)(0.02, -0.04, 0.45)(0.02, -0.04, 0.43)
(0.04, -0.06, 0.30)(0.03, -0.03, 0.34)(0.02, -0.06, 0.31)(-0.02, -0.06, 0.34)(-0.02, -0.06, 0.37)(-0.02, -0.06, 0.39)(0.03, -0.05, 0.32)(-0.01, -0.02, 0.36)(-0.02, -0.01, 0.40)(-0.03, -0.02, 0.42)(-0.03, -0.02, 0.43)(0.03, -0.05, 0.32)(0.01, -0.02, 0.36)(0.00, -0.03, 0.40)(0.00, -0.06, 0.39)(0.00, -0.06, 0.37)(0.04, -0.05, 0.32)(0.03, -0.02, 0.37)(0.02, -0.04, 0.40)(0.02, -0.06, 0.38)(0.02, -0.06, 0.36)(0.05, -0.05, 0.32)(0.05, -0.03, 0.37)(0.04, -0.04, 0.39)(0.03, -0.06, 0.38)(0.03, -0.06, 0.37)
(0.08, -0.11, 0.20)(0.06, -0.08, 0.24)(0.05, -0.10, 0.21)(0.01, -0.10, 0.23)(0.00, -0.10, 0.26)(0.00, -0.10, 0.28)(0.06, -0.10, 0.22)(0.02, -0.06, 0.25)(0.00, -0.05, 0.28)(-0.01, -0.05, 0.30)(-0.01, -0.05, 0.32)(0.07, -0.10, 0.22)(0.04, -0.06, 0.25)(0.02, -0.07, 0.29)(0.02, -0.10, 0.28)(0.03, -0.10, 0.27)(0.08, -0.10, 0.22)(0.06, -0.06, 0.26)(0.04, -0.08, 0.29)(0.04, -0.10, 0.28)(0.05, -0.10, 0.26)(0.08, -0.10, 0.23)(0.07, -0.07, 0.27)(0.06, -0.09, 0.29)(0.06, -0.10, 0.28)(0.06, -0.10, 0.26)
(0.13, -0.17, 0.11)(0.11, -0.14, 0.14)(0.10, -0.17, 0.10)(0.06, -0.16, 0.11)(0.04, -0.16, 0.13)(0.03, -0.16, 0.15)(0.11, -0.16, 0.11)(0.07, -0.12, 0.13)(0.04, -0.12, 0.16)(0.03, -0.13, 0.17)(0.02, -0.14, 0.18)(0.12, -0.16, 0.12)(0.09, -0.12, 0.14)(0.06, -0.14, 0.17)(0.06, -0.16, 0.16)(0.07, -0.16, 0.15)(0.13, -0.16, 0.12)(0.10, -0.13, 0.16)(0.07, -0.15, 0.18)(0.08, -0.16, 0.16)(0.09, -0.16, 0.15)(0.13, -0.17, 0.13)(0.11, -0.14, 0.17)(0.09, -0.15, 0.18)(0.09, -0.16, 0.17)(0.10, -0.16, 0.16)
(0.16, -0.21, 0.06)(0.13, -0.18, 0.08)(0.13, -0.20, 0.05)(0.09, -0.19, 0.05)(0.07, -0.18, 0.06)(0.05, -0.18, 0.08)(0.14, -0.20, 0.06)(0.10, -0.16, 0.07)(0.07, -0.17, 0.09)(0.06, -0.20, 0.09)(0.06, -0.21, 0.09)(0.14, -0.20, 0.07)(0.11, -0.16, 0.09)(0.07, -0.17, 0.10)(0.07, -0.20, 0.10)(0.09, -0.20, 0.08)(0.15, -0.20, 0.08)(0.12, -0.17, 0.10)(0.08, -0.18, 0.12)(0.09, -0.20, 0.10)(0.10, -0.20, 0.09)(0.15, -0.21, 0.08)(0.12, -0.18, 0.12)(0.10, -0.18, 0.13)(0.10, -0.20, 0.12)(0.11, -0.20, 0.10)
(0.19, -0.18, 0.09)(0.16, -0.15, 0.11)(0.16, -0.18, 0.08)(0.12, -0.16, 0.07)(0.10, -0.15, 0.09)(0.08, -0.15, 0.10)(0.17, -0.17, 0.09)(0.13, -0.13, 0.09)(0.10, -0.14, 0.11)(0.09, -0.17, 0.11)(0.10, -0.18, 0.10)(0.17, -0.18, 0.09)(0.14, -0.13, 0.11)(0.10, -0.14, 0.12)(0.10, -0.17, 0.12)(0.12, -0.17, 0.11)(0.18, -0.18, 0.10)(0.15, -0.14, 0.13)(0.11, -0.15, 0.14)(0.12, -0.17, 0.13)(0.13, -0.17, 0.12)(0.18, -0.18, 0.11)(0.15, -0.15, 0.15)(0.13, -0.15, 0.15)(0.13, -0.17, 0.14)(0.14, -0.17, 0.13)
(0.23, -0.12, 0.18)(0.22, -0.09, 0.20)(0.20, -0.12, 0.18)(0.16, -0.11, 0.18)(0.14, -0.10, 0.19)(0.12, -0.09, 0.19)(0.21, -0.12, 0.19)(0.18, -0.08, 0.21)(0.17, -0.09, 0.24)(0.18, -0.11, 0.23)(0.19, -0.11, 0.21)(0.22, -0.11, 0.19)(0.20, -0.07, 0.21)(0.18, -0.10, 0.24)(0.20, -0.11, 0.23)(0.20, -0.11, 0.21)(0.23, -0.11, 0.19)(0.21, -0.08, 0.22)(0.20, -0.10, 0.25)(0.21, -0.11, 0.23)(0.21, -0.11, 0.22)(0.24, -0.11, 0.20)(0.23, -0.08, 0.23)(0.22, -0.09, 0.25)(0.22, -0.10, 0.24)(0.22, -0.10, 0.22)
(0.27, -0.06, 0.26)(0.27, -0.02, 0.30)(0.25, -0.05, 0.28)(0.21, -0.04, 0.30)(0.18, -0.03, 0.31)(0.16, -0.03, 0.32)(0.26, -0.05, 0.28)(0.24, -0.01, 0.32)(0.24, -0.02, 0.35)(0.25, -0.04, 0.35)(0.25, -0.05, 0.33)(0.27, -0.05, 0.28)(0.26, -0.01, 0.31)(0.26, -0.03, 0.35)(0.26, -0.05, 0.32)(0.26, -0.05, 0.31)(0.28, -0.04, 0.28)(0.28, -0.01, 0.31)(0.28, -0.03, 0.34)(0.27, -0.04, 0.32)(0.27, -0.04, 0.31)(0.29, -0.04, 0.28)(0.30, -0.01, 0.31)(0.30, -0.03, 0.33)(0.29, -0.04, 0.31)(0.28, -0.03, 0.30)
(0.27, -0.06, 0.26)(0.27, -0.02, 0.30)(0.25, -0.05, 0.28)(0.21, -0.04, 0.30)(0.18, -0.03, 0.31)(0.16, -0.03, 0.32)(0.26, -0.05, 0.28)(0.24, -0.01, 0.32)(0.24, -0.02, 0.35)(0.25, -0.04, 0.35)(0.25, -0.05, 0.33)(0.27, -0.05, 0.28)(0.26, -0.01, 0.31)(0.26, -0.03, 0.35)(0.26, -0.05, 0.32)(0.26, -0.05, 0.31)(0.28, -0.04, 0.28)(0.28, -0.01, 0.31)(0.28, -0.03, 0.34)(0.27, -0.04, 0.32)(0.27, -0.04, 0.31)(0.29, -0.04, 0.28)(0.30, -0.01, 0.31)(0.30, -0.03, 0.33)(0.29, -0.04, 0.31)(0.28, -0.03, 0.30)
(0.17, -0.02, 0.27)(0.18, 0.01, 0.31)(0.15, -0.02, 0.29)(0.12, -0.01, 0.31)(0.09, 0.00, 0.33)(0.07, 0.00, 0.33)(0.16, -0.01, 0.29)(0.15, 0.02, 0.33)(0.16, 0.02, 0.37)(0.17, 0.00, 0.38)(0.18, -0.01, 0.38)(0.17, -0.01, 0.29)(0.17, 0.03, 0.33)(0.18, 0.02, 0.37)(0.19, -0.01, 0.37)(0.19, -0.02, 0.37)(0.18, 0.00, 0.28)(0.19, 0.03, 0.32)(0.20, 0.02, 0.36)(0.20, 0.00, 0.36)(0.20, -0.02, 0.36)(0.19, 0.00, 0.28)(0.21, 0.03, 0.32)(0.21, 0.02, 0.34)(0.21, 0.00, 0.34)(0.20, -0.01, 0.33)
(0.06, -0.03, 0.22)(0.06, 0.00, 0.26)(0.04, -0.03, 0.25)(0.00, -0.03, 0.26)(-0.03, -0.02, 0.27)(-0.05, -0.02, 0.27)(0.05, -0.03, 0.24)(0.02, 0.01, 0.29)(0.03, 0.01, 0.33)(0.04, -0.01, 0.34)(0.04, -0.02, 0.35)(0.06, -0.02, 0.24)(0.04, 0.01, 0.29)(0.05, 0.00, 0.33)(0.06, -0.02, 0.34)(0.06, -0.03, 0.35)(0.07, -0.02, 0.24)(0.06, 0.01, 0.29)(0.07, 0.01, 0.33)(0.07, -0.01, 0.34)(0.07, -0.03, 0.35)(0.08, -0.02, 0.24)(0.08, 0.01, 0.29)(0.09, 0.01, 0.31)(0.09, 0.00, 0.32)(0.09, -0.02, 0.32)
(0.03, -0.05, 0.20)(0.01, -0.02, 0.24)(0.00, -0.05, 0.21)(-0.04, -0.05, 0.22)(-0.07, -0.04, 0.23)(-0.09, -0.04, 0.22)(0.01, -0.05, 0.21)(-0.03, -0.02, 0.25)(-0.03, -0.02, 0.29)(-0.03, -0.03, 0.31)(-0.02, -0.04, 0.32)(0.02, -0.04, 0.21)(-0.01, -0.01, 0.25)(-0.01, -0.02, 0.30)(-0.01, -0.04, 0.31)(-0.01, -0.06, 0.32)(0.03, -0.04, 0.22)(0.01, -0.01, 0.26)(0.01, -0.02, 0.30)(0.01, -0.04, 0.31)(0.01, -0.05, 0.32)(0.04, -0.04, 0.22)(0.03, -0.01, 0.26)(0.03, -0.01, 0.29)(0.03, -0.03, 0.30)(0.03, -0.04, 0.30)
(0.06, -0.05, 0.20)(0.05, -0.03, 0.24)(0.04, -0.06, 0.21)(-0.01, -0.05, 0.22)(-0.04, -0.05, 0.23)(-0.06, -0.05, 0.22)(0.04, -0.05, 0.22)(0.01, -0.02, 0.25)(0.00, -0.02, 0.29)(0.00, -0.04, 0.31)(0.01, -0.05, 0.32)(0.05, -0.05, 0.22)(0.03, -0.01, 0.26)(0.02, -0.03, 0.30)(0.02, -0.05, 0.31)(0.03, -0.06, 0.32)(0.06, -0.04, 0.22)(0.05, -0.01, 0.26)(0.04, -0.02, 0.30)(0.04, -0.04, 0.31)(0.04, -0.06, 0.31)(0.07, -0.04, 0.22)(0.07, -0.01, 0.27)(0.06, -0.02, 0.29)(0.06, -0.03, 0.30)(0.06, -0.05, 0.30)
(0.13, -0.04, 0.22)(0.12, -0.01, 0.26)(0.11, -0.04, 0.24)(0.06, -0.04, 0.25)(0.04, -0.03, 0.26)(0.02, -0.03, 0.26)(0.12, -0.04, 0.24)(0.09, 0.00, 0.28)(0.08, -0.01, 0.32)(0.09, -0.02, 0.34)(0.10, -0.04, 0.34)(0.12, -0.03, 0.24)(0.11, 0.00, 0.28)(0.11, -0.01, 0.33)(0.11, -0.04, 0.34)(0.11, -0.05, 0.34)(0.14, -0.03, 0.24)(0.13, 0.00, 0.29)(0.13, -0.01, 0.33)(0.13, -0.03, 0.33)(0.13, -0.05, 0.33)(0.15, -0.03, 0.24)(0.15, 0.00, 0.29)(0.15, -0.01, 0.31)(0.15, -0.02, 0.32)(0.14, -0.04, 0.31)
(0.18, -0.03, 0.24)(0.18, 0.00, 0.28)(0.16, -0.03, 0.26)(0.12, -0.03, 0.28)(0.10, -0.02, 0.30)(0.08, -0.02, 0.30)(0.17, -0.03, 0.26)(0.15, 0.01, 0.31)(0.16, 0.00, 0.35)(0.17, -0.01, 0.36)(0.17, -0.03, 0.36)(0.18, -0.02, 0.26)(0.17, 0.01, 0.30)(0.18, 0.00, 0.35)(0.18, -0.02, 0.36)(0.19, -0.04, 0.35)(0.19, -0.02, 0.26)(0.19, 0.01, 0.30)(0.20, 0.00, 0.34)(0.20, -0.02, 0.35)(0.20, -0.03, 0.35)(0.20, -0.02, 0.26)(0.21, 0.01, 0.30)(0.22, 0.01, 0.32)(0.22, -0.01, 0.33)(0.21, -0.02, 0.33)
(0.18, -0.03, 0.25)(0.18, 0.00, 0.30)(0.16, -0.03, 0.28)(0.12, -0.03, 0.30)(0.10, -0.02, 0.31)(0.08, -0.02, 0.32)(0.17, -0.02, 0.27)(0.15, 0.01, 0.32)(0.16, 0.00, 0.36)(0.17, -0.02, 0.37)(0.18, -0.03, 0.38)(0.18, -0.02, 0.27)(0.17, 0.01, 0.32)(0.18, 0.00, 0.36)(0.19, -0.03, 0.37)(0.19, -0.04, 0.37)(0.19, -0.02, 0.27)(0.19, 0.01, 0.32)(0.20, 0.00, 0.35)(0.21, -0.02, 0.36)(0.21, -0.03, 0.37)(0.20, -0.02, 0.27)(0.21, 0.01, 0.31)(0.22, 0.01, 0.33)(0.22, -0.01, 0.34)(0.22, -0.02, 0.34)
(0.18, -0.03, 0.25)(0.18, 0.00, 0.30)(0.16, -0.03, 0.28)(0.12, -0.03, 0.30)(0.10, -0.02, 0.31)(0.08, -0.02, 0.32)(0.17, -0.02, 0.27)(0.15, 0.01, 0.32)(0.16, 0.00, 0.36)(0.17, -0.02, 0.37)(0.18, -0.03, 0.38)(0.18, -0.02, 0.27)(0.17, 0.01, 0.32)(0.18, 0.00, 0.36)(0.19, -0.03, 0.37)(0.19, -0.04, 0.37)(0.19, -0.02, 0.27)(0.19, 0.01, 0.32)(0.20, 0.00, 0.35)(0.21, -0.02, 0.36)(0.21, -0.03, 0.37)(0.20, -0.02, 0.27)(0.21, 0.01, 0.31)(0.22, 0.01, 0.33)(0.22, -0.01, 0.34)(0.22, -0.02, 0.34)
(0.04, -0.04, 0.20)(0.03, -0.02, 0.24)(0.01, -0.05, 0.22)(-0.03, -0.04, 0.23)(-0.06, -0.04, 0.24)(-0.08, -0.04, 0.24)(0.02, -0.04, 0.22)(-0.01, -0.01, 0.26)(-0.01, -0.01, 0.30)(-0.01, -0.03, 0.32)(0.00, -0.04, 0.32)(0.03, -0.04, 0.22)(0.01, 0.00, 0.26)(0.01, -0.01, 0.31)(0.02, -0.04, 0.32)(0.02, -0.05, 0.32)(0.04, -0.03, 0.22)(0.03, 0.00, 0.26)(0.03, -0.01, 0.30)(0.03, -0.03, 0.32)(0.03, -0.04, 0.32)(0.05, -0.03, 0.22)(0.05, 0.00, 0.27)(0.05, 0.00, 0.29)(0.05, -0.02, 0.30)(0.05, -0.03, 0.30)
(-0.01, -0.05, 0.17)(-0.03, -0.02, 0.21)(-0.04, -0.05, 0.19)(-0.08, -0.05, 0.19)(-0.11, -0.05, 0.19)(-0.13, -0.05, 0.19)(-0.03, -0.04, 0.19)(-0.07, -0.01, 0.22)(-0.08, -0.02, 0.26)(-0.08, -0.03, 0.28)(-0.07, -0.04, 0.29)(-0.02, -0.04, 0.19)(-0.05, -0.01, 0.23)(-0.06, -0.02, 0.27)(-0.05, -0.04, 0.28)(-0.05, -0.06, 0.28)(-0.01, -0.04, 0.19)(-0.03, 0.00, 0.23)(-0.04, -0.01, 0.27)(-0.04, -0.03, 0.28)(-0.04, -0.05, 0.28)(0.00, -0.04, 0.19)(-0.01, -0.01, 0.24)(-0.01, -0.01, 0.26)(-0.02, -0.03, 0.27)(-0.02, -0.04, 0.27)
(-0.01, -0.05, 0.17)(-0.03, -0.02, 0.21)(-0.04, -0.05, 0.19)(-0.08, -0.05, 0.19)(-0.11, -0.05, 0.19)(-0.13, -0.05, 0.19)(-0.03, -0.04, 0.19)(-0.07, -0.01, 0.22)(-0.08, -0.02, 0.26)(-0.08, -0.03, 0.28)(-0.07, -0.04, 0.29)(-0.02, -0.04, 0.19)(-0.05, -0.01, 0.23)(-0.06, -0.02, 0.27)(-0.05, -0.04, 0.28)(-0.05, -0.06, 0.28)(-0.01, -0.04, 0.19)(-0.03, 0.00, 0.23)(-0.04, -0.01, 0.27)(-0.04, -0.03, 0.28)(-0.04, -0.05, 0.28)(0.00, -0.04, 0.19)(-0.01, -0.01, 0.24)(-0.01, -0.01, 0.26)(-0.02, -0.03, 0.27)(-0.02, -0.04, 0.27)
(0.02, -0.05, 0.18)(-0.01, -0.02, 0.22)(-0.01, -0.05, 0.19)(-0.06, -0.05, 0.20)(-0.09, -0.04, 0.20)(-0.11, -0.05, 0.19)(0.00, -0.04, 0.20)(-0.05, -0.01, 0.23)(-0.06, -0.02, 0.27)(-0.05, -0.03, 0.28)(-0.05, -0.04, 0.29)(0.00, -0.04, 0.20)(-0.03, 0.00, 0.23)(-0.04, -0.02, 0.27)(-0.03, -0.04, 0.29)(-0.03, -0.06, 0.29)(0.01, -0.04, 0.20)(-0.01, 0.00, 0.24)(-0.02, -0.01, 0.28)(-0.02, -0.03, 0.29)(-0.02, -0.05, 0.29)(0.02, -0.03, 0.20)(0.01, 0.00, 0.25)(0.01, -0.01, 0.27)(0.01, -0.03, 0.27)(0.00, -0.04, 0.27)
(0.10, -0.04, 0.21)(0.08, -0.01, 0.25)(0.07, -0.04, 0.22)(0.03, -0.04, 0.23)(0.00, -0.03, 0.24)(-0.02, -0.03, 0.23)(0.08, -0.03, 0.23)(0.04, 0.00, 0.26)(0.03, 0.00, 0.30)(0.04, -0.02, 0.32)(0.04, -0.03, 0.32)(0.09, -0.03, 0.23)(0.06, 0.01, 0.26)(0.05, -0.01, 0.31)(0.06, -0.03, 0.32)(0.06, -0.05, 0.32)(0.10, -0.02, 0.23)(0.08, 0.01, 0.27)(0.07, 0.00, 0.31)(0.07, -0.02, 0.32)(0.07, -0.04, 0.32)(0.11, -0.02, 0.23)(0.10, 0.01, 0.28)(0.10, 0.00, 0.30)(0.09, -0.02, 0.30)(0.09, -0.03, 0.30)
(0.16, -0.03, 0.24)(0.15, 0.00, 0.28)(0.14, -0.03, 0.25)(0.10, -0.03, 0.27)(0.07, -0.02, 0.28)(0.05, -0.02, 0.28)(0.15, -0.03, 0.25)(0.12, 0.01, 0.30)(0.12, 0.00, 0.33)(0.12, -0.01, 0.35)(0.13, -0.03, 0.35)(0.16, -0.02, 0.25)(0.14, 0.01, 0.29)(0.14, 0.00, 0.34)(0.14, -0.02, 0.35)(0.15, -0.04, 0.35)(0.17, -0.02, 0.25)(0.16, 0.01, 0.30)(0.16, 0.00, 0.34)(0.16, -0.02, 0.34)(0.16, -0.03, 0.34)(0.18, -0.02, 0.25)(0.18, 0.01, 0.30)(0.18, 0.01, 0.32)(0.18, -0.01, 0.33)(0.17, -0.02, 0.32)
(0.18, -0.03, 0.24)(0.18, 0.00, 0.28)(0.16, -0.03, 0.26)(0.12, -0.03, 0.28)(0.09, -0.02, 0.30)(0.07, -0.02, 0.30)(0.17, -0.03, 0.26)(0.14, 0.01, 0.31)(0.15, 0.00, 0.35)(0.16, -0.02, 0.36)(0.16, -0.03, 0.36)(0.18, -0.02, 0.26)(0.16, 0.01, 0.31)(0.17, 0.00, 0.35)(0.18, -0.03, 0.36)(0.18, -0.04, 0.35)(0.19, -0.02, 0.26)(0.18, 0.01, 0.30)(0.19, 0.00, 0.34)(0.19, -0.02, 0.35)(0.19, -0.04, 0.35)(0.20, -0.02, 0.26)(0.20, 0.01, 0.30)(0.21, 0.01, 0.33)(0.21, -0.01, 0.33)(0.20, -0.03, 0.33)
(0.15, -0.04, 0.24)(0.15, -0.01, 0.28)(0.13, -0.04, 0.26)(0.09, -0.03, 0.28)(0.06, -0.03, 0.30)(0.04, -0.03, 0.30)(0.14, -0.03, 0.26)(0.12, 0.00, 0.31)(0.12, 0.00, 0.35)(0.13, -0.02, 0.36)(0.14, -0.04, 0.36)(0.15, -0.03, 0.26)(0.14, 0.01, 0.30)(0.14, -0.01, 0.35)(0.15, -0.03, 0.36)(0.15, -0.05, 0.36)(0.16, -0.03, 0.26)(0.16, 0.01, 0.30)(0.16, 0.00, 0.34)(0.16, -0.03, 0.35)(0.16, -0.04, 0.35)(0.17, -0.03, 0.26)(0.18, 0.00, 0.30)(0.18, 0.00, 0.33)(0.18, -0.02, 0.33)(0.18, -0.03, 0.33)
(0.07, -0.04, 0.23)(0.06, -0.02, 0.27)(0.05, -0.05, 0.24)(0.01, -0.04, 0.26)(-0.02, -0.04, 0.27)(-0.04, -0.04, 0.27)(0.06, -0.04, 0.24)(0.02, -0.01, 0.29)(0.02, -0.01, 0.33)(0.03, -0.03, 0.34)(0.03, -0.04, 0.35)(0.06, -0.04, 0.24)(0.05, 0.00, 0.29)(0.05, -0.02, 0.33)(0.05, -0.04, 0.34)(0.05, -0.06, 0.34)(0.08, -0.03, 0.24)(0.07, 0.00, 0.29)(0.07, -0.01, 0.33)(0.07, -0.04, 0.34)(0.07, -0.05, 0.34)(0.08, -0.03, 0.25)(0.09, -0.01, 0.29)(0.09, -0.01, 0.32)(0.09, -0.03, 0.32)(0.08, -0.04, 0.32)
(0.03, -0.04, 0.21)(0.02, -0.02, 0.25)(0.00, -0.05, 0.22)(-0.04, -0.04, 0.23)(-0.07, -0.04, 0.24)(-0.09, -0.04, 0.23)(0.01, -0.04, 0.22)(-0.02, -0.01, 0.26)(-0.03, -0.01, 0.30)(-0.02, -0.03, 0.32)(-0.02, -0.04, 0.32)(0.02, -0.04, 0.22)(0.00, 0.00, 0.26)(-0.01, -0.02, 0.31)(0.00, -0.04, 0.32)(0.00, -0.06, 0.32)(0.03, -0.03, 0.23)(0.02, 0.00, 0.27)(0.01, -0.01, 0.31)(0.01, -0.03, 0.32)(0.01, -0.05, 0.32)(0.04, -0.03, 0.23)(0.04, 0.00, 0.27)(0.04, -0.01, 0.30)(0.03, -0.03, 0.30)(0.03, -0.04, 0.30)
(0.02, -0.05, 0.19)(0.00, -0.02, 0.23)(-0.01, -0.05, 0.21)(-0.05, -0.05, 0.21)(-0.08, -0.05, 0.22)(-0.10, -0.05, 0.21)(0.00, -0.05, 0.21)(-0.04, -0.01, 0.24)(-0.05, -0.02, 0.28)(-0.04, -0.04, 0.30)(-0.04, -0.05, 0.30)(0.01, -0.04, 0.21)(-0.02, -0.01, 0.25)(-0.03, -0.02, 0.29)(-0.02, -0.05, 0.30)(-0.02, -0.06, 0.30)(0.02, -0.04, 0.21)(0.00, -0.01, 0.25)(-0.01, -0.02, 0.29)(-0.01, -0.04, 0.30)(-0.01, -0.06, 0.30)(0.03, -0.04, 0.22)(0.02, -0.01, 0.26)(0.02, -0.01, 0.28)(0.02, -0.03, 0.29)(0.01, -0.04, 0.29)
(0.08, -0.04, 0.22)(0.06, -0.01, 0.26)(0.05, -0.04, 0.23)(0.01, -0.04, 0.24)(-0.02, -0.04, 0.24)(-0.04, -0.04, 0.24)(0.06, -0.04, 0.23)(0.03, -0.01, 0.27)(0.02, -0.01, 0.31)(0.02, -0.03, 0.32)(0.03, -0.04, 0.33)(0.07, -0.03, 0.23)(0.05, 0.00, 0.27)(0.04, -0.01, 0.31)(0.04, -0.04, 0.32)(0.04, -0.05, 0.32)(0.08, -0.03, 0.24)(0.06, 0.00, 0.28)(0.06, -0.01, 0.32)(0.06, -0.03, 0.32)(0.06, -0.05, 0.32)(0.09, -0.03, 0.24)(0.08, 0.00, 0.28)(0.08, -0.01, 0.31)(0.08, -0.02, 0.31)(0.08, -0.04, 0.31)
(0.14, -0.03, 0.24)(0.13, 0.00, 0.28)(0.12, -0.03, 0.25)(0.08, -0.03, 0.26)(0.05, -0.03, 0.27)(0.03, -0.03, 0.27)(0.13, -0.03, 0.25)(0.10, 0.00, 0.30)(0.09, 0.00, 0.33)(0.10, -0.02, 0.35)(0.10, -0.03, 0.35)(0.14, -0.02, 0.25)(0.12, 0.01, 0.30)(0.11, 0.00, 0.34)(0.12, -0.03, 0.35)(0.12, -0.04, 0.35)(0.15, -0.02, 0.26)(0.14, 0.01, 0.30)(0.13, 0.00, 0.34)(0.13, -0.02, 0.35)(0.13, -0.04, 0.35)(0.16, -0.02, 0.26)(0.16, 0.01, 0.30)(0.16, 0.00, 0.33)(0.15, -0.01, 0.33)(0.15, -0.03, 0.33)
(0.14, -0.03, 0.24)(0.13, 0.00, 0.28)(0.12, -0.03, 0.25)(0.08, -0.03, 0.26)(0.05, -0.03, 0.27)(0.03, -0.03, 0.27)(0.13, -0.03, 0.25)(0.10, 0.00, 0.30)(0.09, 0.00, 0.33)(0.10, -0.02, 0.35)(0.10, -0.03, 0.35)(0.14, -0.02, 0.25)(0.12, 0.01, 0.30)(0.11, 0.00, 0.34)(0.12, -0.03, 0.35)(0.12, -0.04, 0.35)(0.15, -0.02, 0.26)(0.14, 0.01, 0.30)(0.13, 0.00, 0.34)(0.13, -0.02, 0.35)(0.13, -0.04, 0.35)(0.16, -0.02, 0.26)(0.16, 0.01, 0.30)(0.16, 0.00, 0.33)(0.15, -0.01, 0.33)(0.15, -0.03, 0.33)
(0.19, -0.03, 0.25)(0.19, 0.00, 0.29)(0.17, -0.03, 0.27)(0.13, -0.03, 0.29)(0.11, -0.03, 0.30)(0.09, -0.03, 0.31)(0.18, -0.03, 0.27)(0.16, 0.00, 0.31)(0.16, 0.00, 0.35)(0.17, -0.02, 0.37)(0.18, -0.03, 0.37)(0.19, -0.02, 0.27)(0.18, 0.01, 0.31)(0.19, 0.00, 0.35)(0.19, -0.03, 0.36)(0.19, -0.04, 0.36)(0.20, -0.02, 0.26)(0.20, 0.01, 0.31)(0.21, 0.00, 0.35)(0.21, -0.02, 0.36)(0.21, -0.04, 0.36)(0.21, -0.02, 0.26)(0.22, 0.01, 0.31)(0.22, 0.00, 0.33)(0.22, -0.01, 0.34)(0.22, -0.03, 0.34)
(0.16, -0.04, 0.25)(0.16, -0.01, 0.29)(0.14, -0.04, 0.27)(0.10, -0.04, 0.29)(0.08, -0.04, 0.30)(0.06, -0.04, 0.31)(0.15, -0.04, 0.27)(0.13, -0.01, 0.31)(0.13, -0.01, 0.35)(0.14, -0.03, 0.37)(0.15, -0.04, 0.37)(0.16, -0.03, 0.27)(0.15, 0.00, 0.31)(0.16, -0.02, 0.35)(0.16, -0.04, 0.36)(0.17, -0.06, 0.36)(0.17, -0.03, 0.26)(0.17, 0.00, 0.31)(0.18, -0.01, 0.35)(0.18, -0.03, 0.36)(0.18, -0.05, 0.36)(0.18, -0.03, 0.26)(0.19, 0.00, 0.31)(0.19, -0.01, 0.33)(0.19, -0.03, 0.34)(0.19, -0.04, 0.34)
(0.09, -0.05, 0.23)(0.09, -0.02, 0.28)(0.07, -0.05, 0.25)(0.03, -0.05, 0.27)(0.00, -0.05, 0.28)(-0.02, -0.05, 0.28)(0.08, -0.05, 0.25)(0.05, -0.02, 0.30)(0.05, -0.02, 0.34)(0.06, -0.04, 0.35)(0.07, -0.05, 0.36)(0.09, -0.04, 0.25)(0.07, -0.01, 0.30)(0.08, -0.02, 0.34)(0.08, -0.05, 0.35)(0.09, -0.06, 0.35)(0.10, -0.04, 0.25)(0.09, -0.01, 0.30)(0.10, -0.02, 0.34)(0.10, -0.04, 0.34)(0.10, -0.06, 0.34)(0.11, -0.04, 0.25)(0.11, -0.01, 0.30)(0.12, -0.02, 0.32)(0.12, -0.03, 0.33)(0.11, -0.05, 0.32)
(0.04, -0.05, 0.20)(0.02, -0.02, 0.25)(0.01, -0.05, 0.22)(-0.03, -0.05, 0.23)(-0.06, -0.05, 0.24)(-0.08, -0.05, 0.23)(0.02, -0.05, 0.22)(-0.01, -0.02, 0.26)(-0.02, -0.02, 0.30)(-0.01, -0.04, 0.32)(-0.01, -0.05, 0.32)(0.03, -0.04, 0.22)(0.01, -0.01, 0.26)(0.00, -0.03, 0.31)(0.01, -0.05, 0.32)(0.01, -0.07, 0.32)(0.04, -0.04, 0.22)(0.03, -0.01, 0.27)(0.02, -0.02, 0.31)(0.02, -0.04, 0.32)(0.02, -0.06, 0.32)(0.05, -0.04, 0.23)(0.05, -0.01, 0.27)(0.05, -0.02, 0.30)(0.05, -0.04, 0.30)(0.04, -0.05, 0.30)
(0.03, -0.05, 0.19)(0.01, -0.02, 0.23)(0.00, -0.05, 0.21)(-0.04, -0.05, 0.21)(-0.07, -0.05, 0.22)(-0.09, -0.05, 0.21)(0.01, -0.05, 0.21)(-0.03, -0.02, 0.25)(-0.04, -0.02, 0.28)(-0.03, -0.04, 0.30)(-0.03, -0.05, 0.31)(0.02, -0.04, 0.21)(-0.01, -0.01, 0.25)(-0.02, -0.02, 0.29)(-0.01, -0.05, 0.30)(-0.01, -0.06, 0.30)(0.03, -0.04, 0.21)(0.01, -0.01, 0.26)(0.00, -0.02, 0.29)(0.00, -0.04, 0.30)(0.01, -0.06, 0.30)(0.04, -0.04, 0.22)(0.03, -0.01, 0.26)(0.03, -0.02, 0.28)(0.03, -0.03, 0.29)(0.02, -0.05, 0.29)
(0.05, -0.04, 0.20)(0.03, -0.01, 0.24)(0.02, -0.04, 0.21)(-0.02, -0.04, 0.22)(-0.05, -0.04, 0.22)(-0.07, -0.04, 0.22)(0.03, -0.04, 0.22)(-0.01, -0.01, 0.25)(-0.01, -0.01, 0.29)(-0.01, -0.03, 0.31)(0.00, -0.05, 0.31)(0.04, -0.03, 0.22)(0.01, 0.00, 0.26)(0.01, -0.02, 0.30)(0.01, -0.04, 0.31)(0.01, -0.06, 0.31)(0.05, -0.03, 0.22)(0.03, 0.00, 0.26)(0.03, -0.01, 0.30)(0.03, -0.03, 0.31)(0.03, -0.05, 0.31)(0.06, -0.03, 0.22)(0.05, 0.00, 0.27)(0.05, -0.01, 0.29)(0.05, -0.02, 0.30)(0.04, -0.04, 0.29)
(0.13, -0.04, 0.23)(0.11, -0.01, 0.27)(0.10, -0.04, 0.25)(0.06, -0.04, 0.26)(0.03, -0.03, 0.27)(0.01, -0.03, 0.26)(0.11, -0.03, 0.25)(0.07, 0.00, 0.29)(0.07, -0.01, 0.33)(0.08, -0.03, 0.34)(0.08, -0.04, 0.35)(0.12, -0.03, 0.25)(0.10, 0.01, 0.29)(0.09, -0.01, 0.33)(0.10, -0.03, 0.34)(0.10, -0.05, 0.35)(0.13, -0.03, 0.25)(0.12, 0.00, 0.30)(0.11, -0.01, 0.34)(0.11, -0.03, 0.34)(0.11, -0.04, 0.34)(0.14, -0.03, 0.25)(0.14, 0.00, 0.30)(0.13, 0.00, 0.32)(0.13, -0.02, 0.33)(0.13, -0.03, 0.33)
(0.18, -0.03, 0.25)(0.17, -0.01, 0.29)(0.16, -0.04, 0.26)(0.11, -0.04, 0.28)(0.09, -0.03, 0.29)(0.07, -0.03, 0.29)(0.16, -0.03, 0.27)(0.13, 0.00, 0.31)(0.14, 0.00, 0.35)(0.15, -0.02, 0.36)(0.15, -0.04, 0.36)(0.17, -0.03, 0.26)(0.16, 0.01, 0.31)(0.16, -0.01, 0.35)(0.17, -0.03, 0.36)(0.17, -0.05, 0.35)(0.18, -0.02, 0.26)(0.18, 0.01, 0.31)(0.18, 0.00, 0.35)(0.18, -0.02, 0.35)(0.18, -0.04, 0.35)(0.19, -0.02, 0.26)(0.20, 0.01, 0.31)(0.20, 0.00, 0.33)(0.20, -0.02, 0.34)(0.19, -0.03, 0.33)
(0.20, -0.03, 0.25)(0.19, -0.01, 0.29)(0.17, -0.03, 0.27)(0.14, -0.03, 0.29)(0.11, -0.03, 0.31)(0.09, -0.03, 0.31)(0.18, -0.03, 0.27)(0.16, 0.00, 0.32)(0.17, 0.00, 0.36)(0.18, -0.02, 0.37)(0.18, -0.04, 0.37)(0.19, -0.03, 0.27)(0.18, 0.01, 0.31)(0.19, -0.01, 0.36)(0.20, -0.03, 0.36)(0.20, -0.05, 0.36)(0.20, -0.02, 0.27)(0.20, 0.01, 0.31)(0.21, 0.00, 0.35)(0.21, -0.02, 0.36)(0.21, -0.04, 0.36)(0.21, -0.02, 0.27)(0.22, 0.01, 0.31)(0.23, 0.00, 0.33)(0.23, -0.02, 0.34)(0.22, -0.03, 0.34)
(0.16, -0.03, 0.25)(0.16, -0.01, 0.29)(0.14, -0.04, 0.27)(0.10, -0.04, 0.29)(0.08, -0.03, 0.31)(0.06, -0.03, 0.31)(0.15, -0.03, 0.27)(0.13, 0.00, 0.32)(0.14, -0.01, 0.36)(0.15, -0.03, 0.37)(0.15, -0.04, 0.37)(0.16, -0.03, 0.27)(0.15, 0.01, 0.31)(0.16, -0.01, 0.35)(0.17, -0.04, 0.36)(0.17, -0.05, 0.36)(0.17, -0.02, 0.27)(0.17, 0.01, 0.31)(0.18, -0.01, 0.35)(0.18, -0.03, 0.36)(0.18, -0.05, 0.35)(0.18, -0.02, 0.27)(0.19, 0.00, 0.31)(0.20, 0.00, 0.33)(0.20, -0.02, 0.34)(0.19, -0.03, 0.34)
(0.10, -0.04, 0.23)(0.09, -0.01, 0.27)(0.07, -0.04, 0.25)(0.03, -0.04, 0.27)(0.00, -0.03, 0.28)(-0.02, -0.03, 0.28)(0.08, -0.04, 0.25)(0.05, -0.01, 0.30)(0.06, -0.01, 0.34)(0.06, -0.03, 0.35)(0.07, -0.04, 0.35)(0.09, -0.03, 0.25)(0.07, 0.00, 0.30)(0.08, -0.02, 0.34)(0.08, -0.04, 0.34)(0.09, -0.06, 0.34)(0.10, -0.03, 0.25)(0.09, 0.00, 0.30)(0.10, -0.01, 0.34)(0.10, -0.03, 0.34)(0.10, -0.05, 0.34)(0.11, -0.03, 0.25)(0.12, 0.00, 0.30)(0.12, -0.01, 0.32)(0.12, -0.03, 0.32)(0.11, -0.04, 0.32)
(0.04, -0.04, 0.20)(0.03, -0.01, 0.25)(0.01, -0.04, 0.22)(-0.03, -0.04, 0.23)(-0.06, -0.04, 0.24)(-0.08, -0.04, 0.24)(0.02, -0.04, 0.22)(-0.01, -0.01, 0.26)(-0.02, -0.01, 0.30)(-0.01, -0.03, 0.32)(0.00, -0.04, 0.32)(0.03, -0.03, 0.22)(0.01, 0.00, 0.26)(0.01, -0.01, 0.31)(0.01, -0.04, 0.32)(0.01, -0.05, 0.32)(0.04, -0.03, 0.22)(0.03, 0.00, 0.27)(0.03, -0.01, 0.31)(0.03, -0.03, 0.32)(0.03, -0.05, 0.32)(0.05, -0.03, 0.23)(0.05, 0.00, 0.27)(0.05, -0.01, 0.30)(0.05, -0.03, 0.30)(0.04, -0.04, 0.30)
(0.01, -0.05, 0.19)(-0.01, -0.02, 0.23)(-0.02, -0.05, 0.20)(-0.06, -0.05, 0.21)(-0.09, -0.04, 0.22)(-0.11, -0.05, 0.21)(-0.01, -0.04, 0.20)(-0.05, -0.01, 0.24)(-0.06, -0.02, 0.28)(-0.05, -0.03, 0.30)(-0.05, -0.05, 0.30)(0.00, -0.04, 0.21)(-0.03, -0.01, 0.25)(-0.03, -0.02, 0.29)(-0.03, -0.04, 0.30)(-0.03, -0.06, 0.30)(0.01, -0.04, 0.21)(-0.01, -0.01, 0.25)(-0.01, -0.02, 0.29)(-0.01, -0.04, 0.30)(-0.01, -0.05, 0.30)(0.02, -0.04, 0.21)(0.01, -0.01, 0.26)(0.01, -0.01, 0.28)(0.01, -0.03, 0.28)(0.00, -0.04, 0.28)
(0.02, -0.05, 0.19)(0.00, -0.02, 0.23)(0.00, -0.05, 0.20)(-0.05, -0.05, 0.21)(-0.08, -0.05, 0.21)(-0.10, -0.05, 0.21)(0.00, -0.04, 0.20)(-0.04, -0.01, 0.24)(-0.05, -0.02, 0.28)(-0.04, -0.03, 0.29)(-0.04, -0.05, 0.30)(0.01, -0.04, 0.21)(-0.02, -0.01, 0.24)(-0.02, -0.02, 0.29)(-0.02, -0.05, 0.30)(-0.02, -0.06, 0.30)(0.02, -0.04, 0.21)(0.00, -0.01, 0.25)(0.00, -0.02, 0.29)(0.00, -0.04, 0.30)(0.00, -0.06, 0.29)(0.03, -0.04, 0.21)(0.02, -0.01, 0.26)(0.02, -0.01, 0.28)(0.02, -0.03, 0.28)(0.01, -0.04, 0.28)
(0.07, -0.04, 0.20)(0.05, -0.01, 0.24)(0.04, -0.04, 0.21)(0.00, -0.04, 0.22)(-0.03, -0.04, 0.22)(-0.05, -0.04, 0.22)(0.05, -0.03, 0.21)(0.01, 0.00, 0.25)(0.00, -0.01, 0.29)(0.01, -0.02, 0.31)(0.01, -0.04, 0.31)(0.06, -0.03, 0.22)(0.03, 0.00, 0.25)(0.03, -0.01, 0.30)(0.03, -0.03, 0.31)(0.03, -0.05, 0.31)(0.07, -0.03, 0.22)(0.05, 0.00, 0.26)(0.05, -0.01, 0.30)(0.05, -0.03, 0.31)(0.05, -0.04, 0.30)(0.08, -0.02, 0.22)(0.07, 0.00, 0.27)(0.07, 0.00, 0.29)(0.07, -0.02, 0.29)(0.06, -0.03, 0.29)
(0.14, -0.03, 0.21)(0.12, 0.00, 0.25)(0.11, -0.03, 0.23)(0.07, -0.03, 0.24)(0.04, -0.02, 0.24)(0.02, -0.02, 0.24)(0.12, -0.02, 0.23)(0.08, 0.01, 0.27)(0.08, 0.01, 0.31)(0.09, -0.01, 0.32)(0.09, -0.02, 0.33)(0.13, -0.02, 0.23)(0.10, 0.02, 0.27)(0.10, 0.00, 0.31)(0.11, -0.02, 0.32)(0.11, -0.04, 0.32)(0.14, -0.02, 0.23)(0.12, 0.02, 0.27)(0.12, 0.01, 0.31)(0.12, -0.01, 0.32)(0.12, -0.03, 0.32)(0.15, -0.01, 0.23)(0.14, 0.01, 0.28)(0.14, 0.01, 0.30)(0.14, -0.01, 0.30)(0.14, -0.02, 0.30)
(0.17, -0.02, 0.22)(0.17, 0.01, 0.26)(0.15, -0.02, 0.24)(0.11, -0.02, 0.26)(0.08, -0.01, 0.27)(0.06, -0.01, 0.27)(0.16, -0.02, 0.24)(0.13, 0.02, 0.28)(0.13, 0.01, 0.32)(0.14, 0.00, 0.34)(0.15, -0.02, 0.34)(0.17, -0.01, 0.24)(0.15, 0.02, 0.28)(0.15, 0.01, 0.32)(0.16, -0.01, 0.33)(0.16, -0.03, 0.33)(0.18, -0.01, 0.24)(0.17, 0.02, 0.28)(0.18, 0.01, 0.32)(0.18, -0.01, 0.33)(0.18, -0.02, 0.33)(0.19, -0.01, 0.24)(0.19, 0.02, 0.28)(0.19, 0.02, 0.31)(0.19, 0.00, 0.31)(0.19, -0.01, 0.31)
(0.18, -0.02, 0.23)(0.18, 0.01, 0.27)(0.16, -0.02, 0.25)(0.12, -0.01, 0.27)(0.09, -0.01, 0.28)(0.07, -0.01, 0.28)(0.17, -0.01, 0.25)(0.15, 0.02, 0.29)(0.15, 0.01, 0.33)(0.16, 0.00, 0.35)(0.17, -0.02, 0.35)(0.18, -0.01, 0.25)(0.17, 0.03, 0.29)(0.17, 0.01, 0.33)(0.18, -0.01, 0.34)(0.18, -0.03, 0.34)(0.19, -0.01, 0.25)(0.19, 0.02, 0.29)(0.19, 0.02, 0.33)(0.20, -0.01, 0.34)(0.20, -0.02, 0.34)(0.20, -0.01, 0.25)(0.21, 0.02, 0.29)(0.21, 0.02, 0.31)(0.21, 0.00, 0.32)(0.21, -0.01, 0.32)
(0.13, -0.02, 0.22)(0.12, 0.00, 0.26)(0.10, -0.03, 0.24)(0.06, -0.02, 0.26)(0.04, -0.02, 0.27)(0.02, -0.02, 0.27)(0.11, -0.02, 0.24)(0.09, 0.01, 0.28)(0.09, 0.01, 0.32)(0.10, -0.01, 0.34)(0.11, -0.02, 0.34)(0.12, -0.02, 0.24)(0.11, 0.02, 0.28)(0.12, 0.00, 0.32)(0.12, -0.02, 0.33)(0.12, -0.04, 0.33)(0.13, -0.01, 0.24)(0.13, 0.02, 0.28)(0.14, 0.01, 0.32)(0.14, -0.01, 0.33)(0.14, -0.03, 0.33)(0.14, -0.01, 0.24)(0.15, 0.02, 0.28)(0.15, 0.01, 0.30)(0.15, -0.01, 0.31)(0.15, -0.02, 0.31)
(0.07, -0.03, 0.19)(0.05, 0.00, 0.23)(0.04, -0.03, 0.21)(0.00, -0.03, 0.22)(-0.03, -0.03, 0.23)(-0.05, -0.03, 0.22)(0.05, -0.03, 0.21)(0.02, 0.00, 0.25)(0.01, 0.00, 0.29)(0.02, -0.02, 0.31)(0.02, -0.03, 0.31)(0.06, -0.02, 0.21)(0.04, 0.01, 0.25)(0.03, 0.00, 0.30)(0.04, -0.03, 0.31)(0.04, -0.05, 0.31)(0.07, -0.02, 0.21)(0.06, 0.01, 0.26)(0.06, 0.00, 0.30)(0.06, -0.02, 0.31)(0.06, -0.04, 0.31)(0.08, -0.02, 0.21)(0.08, 0.01, 0.26)(0.08, 0.00, 0.28)(0.08, -0.01, 0.29)(0.07, -0.03, 0.29)
(0.03, -0.04, 0.17)(0.01, -0.01, 0.21)(0.00, -0.04, 0.18)(-0.04, -0.04, 0.19)(-0.07, -0.04, 0.19)(-0.09, -0.04, 0.19)(0.01, -0.03, 0.18)(-0.03, 0.00, 0.22)(-0.04, -0.01, 0.26)(-0.03, -0.02, 0.27)(-0.03, -0.04, 0.28)(0.02, -0.03, 0.18)(-0.01, 0.00, 0.22)(-0.01, -0.01, 0.26)(-0.01, -0.03, 0.28)(-0.01, -0.05, 0.28)(0.03, -0.03, 0.19)(0.01, 0.00, 0.23)(0.01, 0.00, 0.27)(0.01, -0.03, 0.28)(0.01, -0.04, 0.28)(0.04, -0.03, 0.19)(0.03, 0.00, 0.23)(0.03, 0.00, 0.26)(0.03, -0.02, 0.27)(0.02, -0.03, 0.27)
(0.03, -0.04, 0.16)(0.01, -0.01, 0.20)(0.00, -0.04, 0.17)(-0.04, -0.04, 0.17)(-0.07, -0.03, 0.18)(-0.09, -0.04, 0.17)(0.01, -0.03, 0.17)(-0.03, 0.00, 0.21)(-0.04, -0.01, 0.24)(-0.04, -0.02, 0.26)(-0.03, -0.03, 0.27)(0.02, -0.03, 0.18)(-0.01, 0.01, 0.21)(-0.02, -0.01, 0.25)(-0.02, -0.03, 0.27)(-0.01, -0.05, 0.27)(0.03, -0.02, 0.18)(0.01, 0.01, 0.22)(0.00, 0.00, 0.26)(0.00, -0.02, 0.27)(0.00, -0.04, 0.27)(0.04, -0.02, 0.18)(0.03, 0.01, 0.23)(0.03, 0.00, 0.25)(0.02, -0.02, 0.26)(0.02, -0.03, 0.25)
(0.09, -0.02, 0.18)(0.07, 0.00, 0.22)(0.06, -0.03, 0.19)(0.01, -0.03, 0.20)(-0.02, -0.02, 0.20)(-0.04, -0.02, 0.20)(0.07, -0.02, 0.20)(0.03, 0.01, 0.23)(0.02, 0.01, 0.27)(0.02, -0.01, 0.28)(0.03, -0.02, 0.29)(0.07, -0.02, 0.20)(0.05, 0.02, 0.23)(0.04, 0.00, 0.28)(0.04, -0.02, 0.29)(0.04, -0.04, 0.29)(0.08, -0.01, 0.20)(0.06, 0.02, 0.24)(0.06, 0.01, 0.28)(0.06, -0.01, 0.29)(0.06, -0.03, 0.29)(0.09, -0.01, 0.20)(0.08, 0.02, 0.25)(0.08, 0.01, 0.27)(0.08, 0.00, 0.28)(0.08, -0.02, 0.27)
(0.15, -0.02, 0.21)(0.14, 0.01, 0.25)(0.12, -0.02, 0.22)(0.08, -0.02, 0.23)(0.05, -0.02, 0.24)(0.03, -0.02, 0.24)(0.13, -0.02, 0.22)(0.10, 0.01, 0.26)(0.10, 0.01, 0.30)(0.10, -0.01, 0.32)(0.11, -0.02, 0.32)(0.14, -0.01, 0.22)(0.12, 0.02, 0.26)(0.12, 0.01, 0.31)(0.12, -0.02, 0.32)(0.13, -0.03, 0.32)(0.15, -0.01, 0.22)(0.14, 0.02, 0.27)(0.14, 0.01, 0.31)(0.14, -0.01, 0.32)(0.14, -0.03, 0.32)(0.16, -0.01, 0.23)(0.16, 0.02, 0.27)(0.16, 0.02, 0.29)(0.16, 0.00, 0.30)(0.16, -0.01, 0.30)
(0.18, -0.02, 0.21)(0.17, 0.01, 0.25)(0.16, -0.03, 0.23)(0.12, -0.02, 0.25)(0.09, -0.02, 0.26)(0.07, -0.02, 0.27)(0.17, -0.02, 0.23)(0.14, 0.01, 0.28)(0.14, 0.01, 0.32)(0.15, -0.01, 0.33)(0.16, -0.02, 0.33)(0.17, -0.02, 0.23)(0.16, 0.02, 0.28)(0.16, 0.01, 0.32)(0.17, -0.02, 0.33)(0.17, -0.03, 0.33)(0.19, -0.01, 0.23)(0.18, 0.02, 0.28)(0.18, 0.01, 0.31)(0.19, -0.01, 0.32)(0.19, -0.03, 0.32)(0.19, -0.01, 0.23)(0.20, 0.02, 0.28)(0.20, 0.02, 0.30)(0.20, 0.00, 0.31)(0.20, -0.01, 0.31)
(0.17, -0.02, 0.21)(0.16, 0.01, 0.26)(0.15, -0.02, 0.23)(0.11, -0.02, 0.25)(0.08, -0.02, 0.27)(0.06, -0.02, 0.27)(0.16, -0.02, 0.23)(0.13, 0.01, 0.28)(0.13, 0.01, 0.32)(0.14, -0.01, 0.33)(0.15, -0.02, 0.34)(0.16, -0.01, 0.23)(0.15, 0.02, 0.28)(0.16, 0.01, 0.32)(0.16, -0.02, 0.33)(0.17, -0.03, 0.33)(0.17, -0.01, 0.23)(0.17, 0.02, 0.28)(0.18, 0.01, 0.32)(0.18, -0.01, 0.32)(0.18, -0.03, 0.32)(0.18, -0.01, 0.23)(0.19, 0.02, 0.28)(0.20, 0.01, 0.30)(0.20, 0.00, 0.31)(0.19, -0.02, 0.31)
(0.12, -0.03, 0.20)(0.11, 0.00, 0.24)(0.09, -0.03, 0.22)(0.05, -0.03, 0.23)(0.02, -0.02, 0.24)(0.00, -0.03, 0.25)(0.10, -0.02, 0.22)(0.07, 0.01, 0.26)(0.08, 0.00, 0.30)(0.08, -0.01, 0.31)(0.09, -0.03, 0.32)(0.11, -0.02, 0.22)(0.09, 0.01, 0.26)(0.10, 0.00, 0.30)(0.10, -0.02, 0.31)(0.11, -0.04, 0.31)(0.12, -0.02, 0.21)(0.11, 0.01, 0.26)(0.12, 0.01, 0.30)(0.12, -0.02, 0.31)(0.12, -0.03, 0.31)(0.13, -0.02, 0.21)(0.13, 0.01, 0.26)(0.14, 0.01, 0.28)(0.14, -0.01, 0.29)(0.13, -0.02, 0.29)
(0.05, -0.04, 0.17)(0.03, -0.01, 0.21)(0.02, -0.04, 0.18)(-0.02, -0.04, 0.19)(-0.05, -0.04, 0.20)(-0.07, -0.04, 0.20)(0.03, -0.04, 0.19)(0.00, 0.00, 0.22)(-0.01, -0.01, 0.26)(0.00, -0.02, 0.28)(0.00, -0.04, 0.28)(0.04, -0.03, 0.19)(0.02, 0.00, 0.23)(0.01, -0.01, 0.27)(0.02, -0.03, 0.28)(0.02, -0.05, 0.28)(0.05, -0.03, 0.19)(0.04, 0.00, 0.23)(0.03, 0.00, 0.27)(0.03, -0.03, 0.28)(0.04, -0.04, 0.28)(0.06, -0.03, 0.19)(0.06, 0.00, 0.23)(0.06, 0.00, 0.26)(0.06, -0.02, 0.26)(0.05, -0.03, 0.26)
(0.02, -0.05, 0.15)(0.00, -0.02, 0.19)(-0.01, -0.05, 0.17)(-0.05, -0.05, 0.17)(-0.08, -0.05, 0.18)(-0.10, -0.05, 0.17)(0.00, -0.05, 0.17)(-0.04, -0.02, 0.20)(-0.05, -0.02, 0.24)(-0.04, -0.04, 0.26)(-0.04, -0.05, 0.26)(0.01, -0.04, 0.17)(-0.02, -0.01, 0.21)(-0.03, -0.02, 0.25)(-0.02, -0.05, 0.26)(-0.02, -0.06, 0.26)(0.02, -0.04, 0.17)(0.00, -0.01, 0.21)(0.00, -0.02, 0.25)(0.00, -0.04, 0.26)(0.00, -0.05, 0.26)(0.03, -0.04, 0.18)(0.02, -0.01, 0.22)(0.02, -0.01, 0.24)(0.02, -0.03, 0.25)(0.01, -0.04, 0.25)
(0.01, -0.05, 0.14)(-0.02, -0.03, 0.18)(-0.02, -0.06, 0.15)(-0.07, -0.06, 0.16)(-0.10, -0.06, 0.16)(-0.12, -0.06, 0.16)(-0.01, -0.05, 0.16)(-0.06, -0.02, 0.19)(-0.07, -0.03, 0.23)(-0.06, -0.04, 0.24)(-0.06, -0.06, 0.25)(-0.01, -0.05, 0.16)(-0.04, -0.01, 0.19)(-0.05, -0.03, 0.24)(-0.04, -0.05, 0.25)(-0.04, -0.07, 0.25)(0.00, -0.04, 0.16)(-0.02, -0.01, 0.20)(-0.03, -0.02, 0.24)(-0.03, -0.04, 0.25)(-0.03, -0.06, 0.25)(0.01, -0.04, 0.17)(0.00, -0.01, 0.21)(0.00, -0.02, 0.23)(-0.01, -0.04, 0.24)(-0.01, -0.05, 0.24)
(0.03, -0.05, 0.16)(0.01, -0.02, 0.19)(0.00, -0.05, 0.17)(-0.04, -0.05, 0.17)(-0.07, -0.05, 0.17)(-0.09, -0.05, 0.17)(0.01, -0.04, 0.17)(-0.03, -0.01, 0.20)(-0.04, -0.02, 0.24)(-0.04, -0.04, 0.26)(-0.03, -0.05, 0.26)(0.02, -0.04, 0.17)(-0.01, -0.01, 0.21)(-0.02, -0.02, 0.25)(-0.02, -0.04, 0.26)(-0.02, -0.06, 0.26)(0.03, -0.03, 0.18)(0.01, 0.00, 0.22)(0.00, -0.01, 0.25)(0.00, -0.04, 0.26)(0.00, -0.05, 0.26)(0.04, -0.03, 0.18)(0.02, -0.01, 0.22)(0.02, -0.01, 0.25)(0.02, -0.03, 0.25)(0.02, -0.04, 0.25)
(0.09, -0.03, 0.18)(0.08, 0.00, 0.22)(0.07, -0.03, 0.19)(0.02, -0.03, 0.20)(-0.01, -0.03, 0.20)(-0.03, -0.03, 0.20)(0.08, -0.02, 0.19)(0.04, 0.01, 0.23)(0.03, 0.00, 0.27)(0.03, -0.02, 0.28)(0.04, -0.03, 0.29)(0.08, -0.02, 0.20)(0.06, 0.01, 0.23)(0.05, 0.00, 0.28)(0.05, -0.02, 0.29)(0.06, -0.04, 0.29)(0.09, -0.02, 0.20)(0.08, 0.02, 0.24)(0.07, 0.01, 0.28)(0.07, -0.02, 0.29)(0.07, -0.03, 0.29)(0.10, -0.01, 0.20)(0.09, 0.01, 0.24)(0.09, 0.01, 0.27)(0.09, -0.01, 0.27)(0.09, -0.02, 0.27)
(0.14, -0.02, 0.20)(0.13, 0.01, 0.24)(0.12, -0.02, 0.21)(0.08, -0.02, 0.22)(0.05, -0.01, 0.23)(0.03, -0.01, 0.23)(0.13, -0.01, 0.22)(0.09, 0.02, 0.26)(0.09, 0.01, 0.29)(0.10, 0.00, 0.31)(0.10, -0.02, 0.31)(0.14, -0.01, 0.22)(0.11, 0.03, 0.26)(0.11, 0.01, 0.30)(0.11, -0.01, 0.31)(0.12, -0.03, 0.31)(0.15, 0.00, 0.22)(0.13, 0.03, 0.26)(0.13, 0.02, 0.30)(0.13, 0.00, 0.31)(0.13, -0.02, 0.31)(0.15, 0.00, 0.22)(0.15, 0.03, 0.26)(0.15, 0.02, 0.29)(0.15, 0.00, 0.29)(0.15, -0.01, 0.29)
(0.18, -0.01, 0.21)(0.17, 0.02, 0.25)(0.16, -0.01, 0.23)(0.12, -0.01, 0.25)(0.09, 0.00, 0.26)(0.07, 0.00, 0.26)(0.17, 0.00, 0.23)(0.14, 0.03, 0.27)(0.14, 0.03, 0.31)(0.15, 0.01, 0.33)(0.15, 0.00, 0.33)(0.17, 0.00, 0.23)(0.16, 0.04, 0.27)(0.16, 0.02, 0.32)(0.17, 0.00, 0.33)(0.17, -0.02, 0.33)(0.18, 0.01, 0.23)(0.18, 0.04, 0.27)(0.18, 0.03, 0.31)(0.18, 0.01, 0.32)(0.18, -0.01, 0.32)(0.19, 0.01, 0.23)(0.20, 0.04, 0.27)(0.20, 0.03, 0.30)(0.20, 0.01, 0.30)(0.20, 0.00, 0.30)
(0.18, -0.01, 0.21)(0.17, 0.02, 0.25)(0.15, -0.01, 0.23)(0.11, -0.01, 0.25)(0.09, 0.00, 0.26)(0.07, 0.00, 0.27)(0.16, -0.01, 0.23)(0.14, 0.03, 0.28)(0.14, 0.02, 0.32)(0.15, 0.01, 0.33)(0.16, -0.01, 0.34)(0.17, 0.00, 0.23)(0.16, 0.03, 0.28)(0.16, 0.02, 0.32)(0.17, 0.00, 0.33)(0.17, -0.02, 0.33)(0.18, 0.00, 0.23)(0.18, 0.03, 0.28)(0.19, 0.02, 0.31)(0.19, 0.00, 0.32)(0.19, -0.01, 0.32)(0.19, 0.00, 0.23)(0.20, 0.03, 0.27)(0.20, 0.03, 0.30)(0.20, 0.01, 0.30)(0.20, 0.00, 0.30)
(0.12, -0.02, 0.20)(0.11, 0.00, 0.24)(0.09, -0.03, 0.22)(0.05, -0.02, 0.23)(0.02, -0.02, 0.25)(0.00, -0.02, 0.25)(0.10, -0.02, 0.22)(0.07, 0.01, 0.26)(0.08, 0.01, 0.30)(0.08, -0.01, 0.32)(0.09, -0.02, 0.32)(0.11, -0.02, 0.22)(0.09, 0.02, 0.26)(0.10, 0.01, 0.30)(0.10, -0.02, 0.31)(0.11, -0.03, 0.31)(0.12, -0.01, 0.21)(0.11, 0.02, 0.26)(0.12, 0.01, 0.30)(0.12, -0.01, 0.31)(0.12, -0.03, 0.31)(0.13, -0.01, 0.22)(0.14, 0.02, 0.26)(0.14, 0.01, 0.28)(0.14, 0.00, 0.29)(0.13, -0.02, 0.29)
(0.05, -0.04, 0.17)(0.04, -0.01, 0.21)(0.03, -0.04, 0.19)(-0.02, -0.04, 0.20)(-0.05, -0.04, 0.20)(-0.07, -0.04, 0.20)(0.04, -0.03, 0.19)(0.00, 0.00, 0.23)(-0.01, -0.01, 0.27)(0.00, -0.02, 0.28)(0.01, -0.04, 0.29)(0.04, -0.03, 0.19)(0.02, 0.01, 0.23)(0.02, -0.01, 0.27)(0.02, -0.03, 0.28)(0.02, -0.05, 0.28)(0.06, -0.02, 0.19)(0.04, 0.01, 0.24)(0.04, 0.00, 0.28)(0.04, -0.02, 0.28)(0.04, -0.04, 0.29)(0.06, -0.02, 0.19)(0.06, 0.00, 0.24)(0.06, 0.00, 0.26)(0.06, -0.02, 0.27)(0.05, -0.03, 0.27)
(0.03, -0.04, 0.16)(0.01, -0.01, 0.20)(0.00, -0.04, 0.17)(-0.04, -0.04, 0.18)(-0.07, -0.04, 0.18)(-0.09, -0.04, 0.18)(0.01, -0.04, 0.17)(-0.03, -0.01, 0.21)(-0.04, -0.01, 0.25)(-0.03, -0.03, 0.26)(-0.03, -0.04, 0.27)(0.02, -0.03, 0.18)(-0.01, 0.00, 0.21)(-0.02, -0.01, 0.26)(-0.02, -0.04, 0.27)(-0.01, -0.05, 0.27)(0.03, -0.03, 0.18)(0.01, 0.00, 0.22)(0.00, -0.01, 0.26)(0.00, -0.03, 0.27)(0.00, -0.04, 0.27)(0.04, -0.03, 0.18)(0.03, 0.00, 0.23)(0.03, 0.00, 0.25)(0.02, -0.02, 0.26)(0.02, -0.03, 0.25)
(0.02, -0.04, 0.16)(0.00, -0.01, 0.19)(-0.01, -0.04, 0.17)(-0.05, -0.04, 0.17)(-0.08, -0.04, 0.18)(-0.10, -0.04, 0.17)(0.00, -0.04, 0.17)(-0.04, -0.01, 0.20)(-0.05, -0.01, 0.24)(-0.04, -0.03, 0.26)(-0.04, -0.04, 0.26)(0.01, -0.03, 0.17)(-0.02, 0.00, 0.21)(-0.03, -0.01, 0.25)(-0.03, -0.03, 0.26)(-0.02, -0.05, 0.26)(0.02, -0.03, 0.17)(0.00, 0.00, 0.21)(-0.01, -0.01, 0.25)(-0.01, -0.03, 0.26)(-0.01, -0.04, 0.26)(0.03, -0.03, 0.18)(0.02, 0.00, 0.22)(0.01, 0.00, 0.24)(0.01, -0.02, 0.25)(0.01, -0.03, 0.24)
(0.05, -0.03, 0.17)(0.03, -0.01, 0.20)(0.02, -0.04, 0.18)(-0.02, -0.04, 0.18)(-0.05, -0.03, 0.19)(-0.07, -0.04, 0.18)(0.03, -0.03, 0.18)(-0.01, 0.00, 0.21)(-0.02, 0.00, 0.25)(-0.02, -0.02, 0.27)(-0.01, -0.03, 0.27)(0.04, -0.03, 0.18)(0.01, 0.01, 0.22)(0.00, 0.00, 0.26)(0.00, -0.03, 0.27)(0.01, -0.04, 0.27)(0.05, -0.02, 0.19)(0.03, 0.01, 0.23)(0.02, 0.00, 0.26)(0.02, -0.02, 0.27)(0.02, -0.04, 0.27)(0.06, -0.02, 0.19)(0.05, 0.01, 0.23)(0.05, 0.00, 0.26)(0.04, -0.01, 0.26)(0.04, -0.03, 0.25)
(0.11, -0.02, 0.19)(0.09, 0.00, 0.23)(0.08, -0.03, 0.20)(0.04, -0.03, 0.21)(0.00, -0.02, 0.22)(-0.01, -0.03, 0.21)(0.09, -0.02, 0.20)(0.05, 0.01, 0.24)(0.04, 0.01, 0.28)(0.05, -0.01, 0.29)(0.05, -0.02, 0.30)(0.09, -0.02, 0.21)(0.07, 0.02, 0.24)(0.06, 0.01, 0.29)(0.07, -0.02, 0.30)(0.07, -0.03, 0.30)(0.11, -0.01, 0.21)(0.09, 0.02, 0.25)(0.08, 0.01, 0.29)(0.08, -0.01, 0.30)(0.08, -0.03, 0.29)(0.11, -0.01, 0.21)(0.11, 0.02, 0.25)(0.11, 0.01, 0.28)(0.10, 0.00, 0.28)(0.10, -0.02, 0.28)
(0.16, -0.01, 0.20)(0.14, 0.01, 0.24)(0.13, -0.02, 0.22)(0.09, -0.01, 0.23)(0.06, -0.01, 0.24)(0.04, -0.01, 0.24)(0.14, -0.01, 0.22)(0.11, 0.02, 0.26)(0.11, 0.02, 0.30)(0.11, 0.00, 0.31)(0.12, -0.01, 0.32)(0.15, -0.01, 0.22)(0.13, 0.03, 0.26)(0.13, 0.02, 0.30)(0.13, -0.01, 0.31)(0.13, -0.02, 0.32)(0.16, 0.00, 0.22)(0.15, 0.03, 0.26)(0.15, 0.02, 0.30)(0.15, 0.00, 0.31)(0.15, -0.02, 0.31)(0.17, 0.00, 0.22)(0.17, 0.03, 0.27)(0.17, 0.02, 0.29)(0.17, 0.00, 0.30)(0.16, -0.01, 0.29)
(0.19, -0.01, 0.21)(0.18, 0.02, 0.25)(0.16, -0.01, 0.23)(0.12, -0.01, 0.24)(0.09, -0.01, 0.26)(0.07, -0.01, 0.26)(0.17, -0.01, 0.23)(0.14, 0.03, 0.27)(0.15, 0.02, 0.31)(0.15, 0.01, 0.32)(0.16, -0.01, 0.33)(0.18, 0.00, 0.23)(0.16, 0.04, 0.27)(0.17, 0.02, 0.31)(0.17, 0.00, 0.32)(0.18, -0.02, 0.32)(0.19, 0.00, 0.23)(0.18, 0.04, 0.27)(0.19, 0.03, 0.31)(0.19, 0.01, 0.32)(0.19, -0.01, 0.32)(0.20, 0.00, 0.23)(0.20, 0.03, 0.27)(0.21, 0.03, 0.29)(0.21, 0.01, 0.30)(0.20, 0.00, 0.30)
(0.18, -0.01, 0.21)(0.18, 0.02, 0.25)(0.16, -0.02, 0.23)(0.12, -0.01, 0.25)(0.09, -0.01, 0.26)(0.07, -0.01, 0.27)(0.17, -0.01, 0.23)(0.14, 0.02, 0.27)(0.15, 0.02, 0.31)(0.16, 0.01, 0.33)(0.16, -0.01, 0.33)(0.18, -0.01, 0.23)(0.16, 0.03, 0.27)(0.17, 0.02, 0.31)(0.18, -0.01, 0.32)(0.18, -0.02, 0.32)(0.19, 0.00, 0.23)(0.18, 0.03, 0.27)(0.19, 0.02, 0.31)(0.19, 0.00, 0.32)(0.19, -0.02, 0.31)(0.20, 0.00, 0.23)(0.20, 0.03, 0.27)(0.21, 0.03, 0.29)(0.21, 0.01, 0.30)(0.20, -0.01, 0.30)
(0.12, -0.03, 0.20)(0.11, 0.00, 0.24)(0.09, -0.03, 0.21)(0.05, -0.03, 0.23)(0.02, -0.03, 0.24)(0.00, -0.03, 0.24)(0.10, -0.02, 0.22)(0.07, 0.01, 0.26)(0.07, 0.01, 0.30)(0.08, -0.01, 0.31)(0.09, -0.02, 0.31)(0.11, -0.02, 0.21)(0.09, 0.02, 0.26)(0.10, 0.00, 0.30)(0.10, -0.02, 0.31)(0.11, -0.04, 0.30)(0.12, -0.01, 0.21)(0.11, 0.02, 0.26)(0.12, 0.01, 0.30)(0.12, -0.01, 0.30)(0.12, -0.03, 0.30)(0.13, -0.01, 0.21)(0.13, 0.02, 0.26)(0.14, 0.01, 0.28)(0.14, -0.01, 0.29)(0.13, -0.02, 0.28)
(0.06, -0.03, 0.18)(0.05, -0.01, 0.22)(0.04, -0.04, 0.20)(-0.01, -0.04, 0.20)(-0.04, -0.03, 0.21)(-0.06, -0.03, 0.21)(0.05, -0.03, 0.20)(0.01, 0.00, 0.24)(0.01, 0.00, 0.27)(0.01, -0.02, 0.29)(0.02, -0.04, 0.29)(0.05, -0.03, 0.20)(0.03, 0.01, 0.24)(0.03, -0.01, 0.28)(0.03, -0.03, 0.29)(0.03, -0.05, 0.29)(0.07, -0.02, 0.20)(0.05, 0.01, 0.24)(0.05, 0.00, 0.28)(0.05, -0.02, 0.29)(0.05, -0.04, 0.29)(0.07, -0.02, 0.20)(0.07, 0.01, 0.25)(0.07, 0.00, 0.27)(0.07, -0.01, 0.28)(0.06, -0.03, 0.28)
(0.02, -0.04, 0.16)(0.00, -0.01, 0.20)(-0.01, -0.04, 0.18)(-0.05, -0.04, 0.18)(-0.08, -0.04, 0.19)(-0.10, -0.04, 0.18)(0.00, -0.03, 0.18)(-0.04, 0.00, 0.21)(-0.05, -0.01, 0.25)(-0.04, -0.02, 0.27)(-0.03, -0.04, 0.27)(0.01, -0.03, 0.18)(-0.02, 0.01, 0.22)(-0.02, -0.01, 0.26)(-0.02, -0.03, 0.27)(-0.02, -0.05, 0.27)(0.02, -0.02, 0.18)(0.00, 0.01, 0.22)(0.00, 0.00, 0.26)(0.00, -0.02, 0.27)(0.00, -0.04, 0.27)(0.03, -0.02, 0.19)(0.02, 0.01, 0.23)(0.02, 0.00, 0.25)(0.02, -0.02, 0.26)(0.01, -0.03, 0.26)
(0.01, -0.04, 0.16)(-0.01, -0.01, 0.19)(-0.02, -0.04, 0.17)(-0.06, -0.04, 0.17)(-0.09, -0.04, 0.17)(-0.11, -0.04, 0.17)(-0.01, -0.03, 0.17)(-0.05, 0.00, 0.20)(-0.06, -0.01, 0.24)(-0.06, -0.02, 0.26)(-0.05, -0.04, 0.26)(0.00, -0.03, 0.17)(-0.03, 0.01, 0.21)(-0.04, -0.01, 0.25)(-0.04, -0.03, 0.26)(-0.03, -0.05, 0.26)(0.01, -0.02, 0.18)(-0.01, 0.01, 0.21)(-0.02, 0.00, 0.25)(-0.02, -0.02, 0.26)(-0.02, -0.04, 0.26)(0.02, -0.02, 0.18)(0.01, 0.01, 0.22)(0.00, 0.00, 0.24)(0.00, -0.02, 0.25)(0.00, -0.03, 0.24)
(0.11, -0.02, 0.20)(0.10, 0.00, 0.24)(0.09, -0.03, 0.21)(0.04, -0.03, 0.22)(0.01, -0.03, 0.22)(-0.01, -0.03, 0.22)(0.10, -0.02, 0.21)(0.06, 0.01, 0.25)(0.05, 0.00, 0.29)(0.06, -0.01, 0.30)(0.06, -0.02, 0.31)(0.10, -0.02, 0.21)(0.08, 0.02, 0.25)(0.07, 0.00, 0.30)(0.08, -0.02, 0.31)(0.08, -0.04, 0.31)(0.12, -0.01, 0.22)(0.10, 0.02, 0.26)(0.09, 0.01, 0.30)(0.09, -0.01, 0.30)(0.10, -0.03, 0.30)(0.12, -0.01, 0.22)(0.12, 0.02, 0.26)(0.12, 0.01, 0.29)(0.12, -0.01, 0.29)(0.11, -0.02, 0.29)
(0.16, -0.02, 0.21)(0.14, 0.01, 0.25)(0.13, -0.02, 0.23)(0.09, -0.02, 0.24)(0.06, -0.02, 0.24)(0.04, -0.02, 0.24)(0.14, -0.02, 0.23)(0.10, 0.01, 0.27)(0.10, 0.01, 0.31)(0.11, -0.01, 0.32)(0.11, -0.02, 0.33)(0.15, -0.01, 0.23)(0.12, 0.02, 0.27)(0.12, 0.01, 0.31)(0.13, -0.01, 0.32)(0.13, -0.03, 0.32)(0.16, -0.01, 0.23)(0.14, 0.02, 0.27)(0.14, 0.01, 0.31)(0.14, -0.01, 0.32)(0.14, -0.03, 0.32)(0.17, -0.01, 0.23)(0.17, 0.02, 0.27)(0.17, 0.01, 0.30)(0.16, 0.00, 0.30)(0.16, -0.02, 0.30)
(0.18, -0.02, 0.21)(0.17, 0.01, 0.25)(0.15, -0.02, 0.23)(0.11, -0.02, 0.25)(0.08, -0.02, 0.26)(0.06, -0.02, 0.26)(0.16, -0.02, 0.23)(0.13, 0.02, 0.27)(0.13, 0.01, 0.31)(0.14, 0.00, 0.33)(0.15, -0.02, 0.33)(0.17, -0.01, 0.23)(0.15, 0.02, 0.27)(0.16, 0.01, 0.31)(0.16, -0.01, 0.32)(0.17, -0.03, 0.32)(0.18, -0.01, 0.23)(0.17, 0.03, 0.27)(0.18, 0.02, 0.31)(0.18, 0.00, 0.32)(0.18, -0.02, 0.32)(0.19, -0.01, 0.23)(0.19, 0.02, 0.27)(0.20, 0.02, 0.30)(0.20, 0.00, 0.30)(0.19, -0.01, 0.30)
(0.18, -0.02, 0.21)(0.17, 0.01, 0.25)(0.15, -0.02, 0.23)(0.11, -0.02, 0.25)(0.09, -0.02, 0.26)(0.07, -0.02, 0.27)(0.16, -0.02, 0.23)(0.13, 0.01, 0.28)(0.14, 0.01, 0.31)(0.15, -0.01, 0.33)(0.16, -0.02, 0.33)(0.17, -0.01, 0.23)(0.15, 0.02, 0.27)(0.16, 0.01, 0.32)(0.17, -0.02, 0.33)(0.17, -0.03, 0.33)(0.18, -0.01, 0.23)(0.17, 0.02, 0.27)(0.18, 0.01, 0.31)(0.18, -0.01, 0.32)(0.19, -0.02, 0.32)(0.19, -0.01, 0.23)(0.19, 0.02, 0.27)(0.20, 0.02, 0.30)(0.20, 0.00, 0.30)(0.20, -0.01, 0.30)
(0.12, -0.03, 0.20)(0.11, 0.00, 0.25)(0.10, -0.04, 0.22)(0.06, -0.03, 0.24)(0.03, -0.03, 0.25)(0.01, -0.03, 0.25)(0.11, -0.03, 0.22)(0.08, 0.00, 0.27)(0.08, 0.00, 0.31)(0.09, -0.02, 0.32)(0.09, -0.03, 0.32)(0.12, -0.02, 0.22)(0.10, 0.01, 0.27)(0.10, 0.00, 0.31)(0.11, -0.03, 0.32)(0.11, -0.04, 0.32)(0.13, -0.02, 0.22)(0.12, 0.01, 0.27)(0.12, 0.00, 0.31)(0.12, -0.02, 0.31)(0.12, -0.04, 0.31)(0.14, -0.02, 0.22)(0.14, 0.01, 0.27)(0.14, 0.01, 0.29)(0.14, -0.01, 0.30)(0.14, -0.02, 0.30)
(0.05, -0.04, 0.18)(0.04, -0.01, 0.22)(0.03, -0.04, 0.20)(-0.02, -0.04, 0.21)(-0.05, -0.04, 0.21)(-0.07, -0.04, 0.21)(0.04, -0.03, 0.20)(0.00, 0.00, 0.24)(-0.01, -0.01, 0.27)(0.00, -0.02, 0.29)(0.01, -0.04, 0.30)(0.04, -0.03, 0.20)(0.02, 0.00, 0.24)(0.02, -0.01, 0.28)(0.02, -0.03, 0.29)(0.02, -0.05, 0.29)(0.06, -0.03, 0.20)(0.04, 0.01, 0.24)(0.04, 0.00, 0.28)(0.04, -0.02, 0.29)(0.04, -0.04, 0.29)(0.06, -0.02, 0.20)(0.06, 0.00, 0.25)(0.06, 0.00, 0.27)(0.06, -0.02, 0.28)(0.05, -0.03, 0.28)
(0.03, -0.04, 0.17)(0.01, -0.01, 0.20)(0.00, -0.04, 0.18)(-0.04, -0.04, 0.18)(-0.08, -0.04, 0.19)(-0.09, -0.04, 0.19)(0.01, -0.04, 0.18)(-0.03, -0.01, 0.22)(-0.04, -0.01, 0.25)(-0.04, -0.03, 0.27)(-0.03, -0.04, 0.28)(0.02, -0.03, 0.18)(-0.01, 0.00, 0.22)(-0.02, -0.01, 0.26)(-0.02, -0.04, 0.27)(-0.01, -0.05, 0.27)(0.03, -0.03, 0.19)(0.01, 0.00, 0.23)(0.00, -0.01, 0.27)(0.00, -0.03, 0.27)(0.00, -0.04, 0.28)(0.03, -0.03, 0.19)(0.03, 0.00, 0.23)(0.02, 0.00, 0.26)(0.02, -0.02, 0.26)(0.02, -0.03, 0.26)
(0.03, -0.04, 0.17)(0.01, -0.01, 0.20)(0.00, -0.04, 0.18)(-0.04, -0.04, 0.18)(-0.07, -0.04, 0.19)(-0.09, -0.04, 0.19)(0.01, -0.03, 0.18)(-0.03, -0.01, 0.22)(-0.04, -0.01, 0.25)(-0.04, -0.03, 0.27)(-0.03, -0.04, 0.28)(0.02, -0.03, 0.18)(-0.01, 0.00, 0.22)(-0.02, -0.01, 0.26)(-0.01, -0.03, 0.27)(-0.01, -0.05, 0.27)(0.03, -0.03, 0.19)(0.01, 0.00, 0.23)(0.00, 0.00, 0.27)(0.00, -0.03, 0.27)(0.00, -0.04, 0.27)(0.04, -0.03, 0.19)(0.03, 0.00, 0.23)(0.02, 0.00, 0.26)(0.02, -0.02, 0.26)(0.02, -0.03, 0.25)
(0.08, -0.03, 0.19)(0.06, 0.00, 0.22)(0.06, -0.03, 0.20)(0.01, -0.03, 0.20)(-0.02, -0.03, 0.21)(-0.04, -0.03, 0.20)(0.06, -0.03, 0.20)(0.02, 0.00, 0.24)(0.02, 0.00, 0.27)(0.02, -0.02, 0.29)(0.03, -0.03, 0.30)(0.07, -0.02, 0.20)(0.04, 0.01, 0.24)(0.04, 0.00, 0.28)(0.04, -0.03, 0.29)(0.05, -0.04, 0.29)(0.08, -0.02, 0.20)(0.06, 0.01, 0.25)(0.06, 0.00, 0.28)(0.06, -0.02, 0.29)(0.06, -0.04, 0.29)(0.09, -0.02, 0.21)(0.08, 0.01, 0.25)(0.08, 0.01, 0.27)(0.08, -0.01, 0.28)(0.08, -0.02, 0.27)
(0.08, -0.03, 0.19)(0.06, 0.00, 0.22)(0.06, -0.03, 0.20)(0.01, -0.03, 0.20)(-0.02, -0.03, 0.21)(-0.04, -0.03, 0.20)(0.06, -0.03, 0.20)(0.02, 0.00, 0.24)(0.02, 0.00, 0.27)(0.02, -0.02, 0.29)(0.03, -0.03, 0.30)(0.07, -0.02, 0.20)(0.04, 0.01, 0.24)(0.04, 0.00, 0.28)(0.04, -0.03, 0.29)(0.05, -0.04, 0.29)(0.08, -0.02, 0.20)(0.06, 0.01, 0.25)(0.06, 0.00, 0.28)(0.06, -0.02, 0.29)(0.06, -0.04, 0.29)(0.09, -0.02, 0.21)(0.08, 0.01, 0.25)(0.08, 0.01, 0.27)(0.08, -0.01, 0.28)(0.08, -0.02, 0.27)
(0.13, -0.02, 0.20)(0.12, 0.01, 0.24)(0.11, -0.02, 0.21)(0.07, -0.02, 0.22)(0.04, -0.02, 0.23)(0.02, -0.02, 0.23)(0.12, -0.02, 0.21)(0.08, 0.01, 0.25)(0.08, 0.01, 0.29)(0.09, -0.01, 0.31)(0.10, -0.02, 0.31)(0.13, -0.01, 0.21)(0.11, 0.02, 0.25)(0.11, 0.01, 0.30)(0.11, -0.02, 0.31)(0.11, -0.03, 0.31)(0.14, -0.01, 0.21)(0.13, 0.02, 0.26)(0.13, 0.01, 0.30)(0.13, -0.01, 0.30)(0.13, -0.03, 0.30)(0.15, -0.01, 0.21)(0.15, 0.02, 0.26)(0.15, 0.02, 0.28)(0.15, 0.00, 0.29)(0.14, -0.01, 0.29)
(0.17, -0.01, 0.20)(0.17, 0.02, 0.24)(0.15, -0.02, 0.22)(0.11, -0.01, 0.24)(0.08, -0.01, 0.25)(0.06, -0.01, 0.26)(0.16, -0.01, 0.22)(0.13, 0.02, 0.27)(0.13, 0.02, 0.31)(0.14, 0.00, 0.32)(0.15, -0.01, 0.32)(0.17, -0.01, 0.22)(0.15, 0.03, 0.26)(0.16, 0.02, 0.31)(0.16, -0.01, 0.32)(0.17, -0.02, 0.32)(0.18, 0.00, 0.22)(0.17, 0.03, 0.26)(0.18, 0.02, 0.30)(0.18, 0.00, 0.31)(0.18, -0.02, 0.31)(0.19, 0.00, 0.22)(0.19, 0.03, 0.27)(0.20, 0.03, 0.29)(0.20, 0.01, 0.30)(0.19, 0.00, 0.30)
(0.17, -0.02, 0.21)(0.16, 0.01, 0.25)(0.15, -0.02, 0.23)(0.11, -0.02, 0.25)(0.08, -0.02, 0.26)(0.06, -0.02, 0.26)(0.16, -0.01, 0.23)(0.13, 0.02, 0.27)(0.13, 0.02, 0.31)(0.14, 0.00, 0.32)(0.15, -0.01, 0.33)(0.17, -0.01, 0.23)(0.15, 0.03, 0.27)(0.16, 0.01, 0.31)(0.16, -0.01, 0.32)(0.17, -0.03, 0.32)(0.18, -0.01, 0.23)(0.17, 0.03, 0.27)(0.18, 0.02, 0.31)(0.18, 0.00, 0.32)(0.18, -0.02, 0.32)(0.19, -0.01, 0.23)(0.19, 0.03, 0.27)(0.20, 0.02, 0.29)(0.20, 0.00, 0.30)(0.19, -0.01, 0.30)
(0.12, -0.03, 0.20)(0.11, 0.00, 0.24)(0.10, -0.03, 0.22)(0.06, -0.03, 0.24)(0.03, -0.03, 0.25)(0.01, -0.03, 0.25)(0.11, -0.02, 0.22)(0.08, 0.01, 0.26)(0.08, 0.00, 0.30)(0.09, -0.01, 0.32)(0.10, -0.03, 0.32)(0.12, -0.02, 0.22)(0.10, 0.01, 0.26)(0.10, 0.00, 0.31)(0.11, -0.02, 0.31)(0.11, -0.04, 0.31)(0.13, -0.02, 0.22)(0.12, 0.02, 0.26)(0.12, 0.01, 0.30)(0.13, -0.01, 0.31)(0.13, -0.03, 0.31)(0.14, -0.02, 0.22)(0.14, 0.01, 0.27)(0.14, 0.01, 0.29)(0.14, -0.01, 0.29)(0.14, -0.02, 0.29)
(0.06, -0.04, 0.19)(0.05, -0.01, 0.23)(0.04, -0.04, 0.20)(0.00, -0.04, 0.21)(-0.03, -0.04, 0.22)(-0.05, -0.04, 0.22)(0.05, -0.04, 0.20)(0.01, -0.01, 0.24)(0.01, -0.01, 0.28)(0.02, -0.03, 0.30)(0.02, -0.04, 0.30)(0.06, -0.03, 0.20)(0.03, 0.00, 0.24)(0.03, -0.01, 0.29)(0.04, -0.04, 0.30)(0.04, -0.05, 0.30)(0.07, -0.03, 0.20)(0.05, 0.00, 0.25)(0.05, -0.01, 0.29)(0.05, -0.03, 0.30)(0.05, -0.05, 0.30)(0.07, -0.03, 0.21)(0.07, 0.00, 0.25)(0.07, 0.00, 0.27)(0.07, -0.02, 0.28)(0.07, -0.03, 0.28)
(0.02, -0.05, 0.17)(0.00, -0.02, 0.21)(0.00, -0.05, 0.18)(-0.05, -0.05, 0.19)(-0.08, -0.05, 0.19)(-0.10, -0.05, 0.19)(0.00, -0.04, 0.18)(-0.03, -0.01, 0.22)(-0.04, -0.02, 0.26)(-0.04, -0.04, 0.27)(-0.03, -0.05, 0.28)(0.01, -0.04, 0.18)(-0.02, -0.01, 0.22)(-0.02, -0.02, 0.26)(-0.02, -0.04, 0.28)(-0.01, -0.06, 0.28)(0.02, -0.04, 0.19)(0.00, 0.00, 0.23)(0.00, -0.01, 0.27)(0.00, -0.03, 0.28)(0.00, -0.05, 0.28)(0.03, -0.03, 0.19)(0.02, -0.01, 0.23)(0.02, -0.01, 0.26)(0.02, -0.03, 0.26)(0.02, -0.04, 0.26)

