(0.01, -0.08, 0.39)(0.01, -0.05, 0.42)(-0.01, -0.08, 0.40)(-0.05, -0.07, 0.42)(-0.06, -0.06, 0.45)(-0.07, -0.05, 0.46)(0.00, -0.07, 0.40)(-0.03, -0.03, 0.43)(-0.04, 0.00, 0.46)(-0.04, 0.01, 0.49)(-0.04, 0.02, 0.50)(0.01, -0.07, 0.41)(-0.01, -0.02, 0.44)(-0.02, -0.02, 0.48)(-0.02, -0.04, 0.50)(-0.03, -0.06, 0.50)(0.02, -0.07, 0.41)(0.01, -0.03, 0.45)(0.00, -0.04, 0.48)(-0.01, -0.06, 0.49)(-0.01, -0.08, 0.49)(0.03, -0.07, 0.41)(0.03, -0.04, 0.45)(0.02, -0.05, 0.48)(0.01, -0.06, 0.49)(0.00, -0.07, 0.49)
(0.02, -0.08, 0.39)(0.01, -0.05, 0.42)(-0.01, -0.08, 0.40)(-0.04, -0.07, 0.42)(-0.06, -0.06, 0.44)(-0.07, -0.05, 0.46)(0.00, -0.07, 0.40)(-0.03, -0.03, 0.43)(-0.03, 0.00, 0.46)(-0.04, 0.01, 0.48)(-0.04, 0.02, 0.50)(0.01, -0.07, 0.40)(-0.01, -0.03, 0.44)(-0.01, -0.02, 0.48)(-0.02, -0.04, 0.50)(-0.02, -0.06, 0.50)(0.02, -0.07, 0.41)(0.01, -0.03, 0.44)(0.00, -0.04, 0.48)(-0.01, -0.06, 0.49)(-0.01, -0.08, 0.49)(0.03, -0.07, 0.41)(0.03, -0.04, 0.45)(0.02, -0.05, 0.48)(0.01, -0.06, 0.48)(0.00, -0.07, 0.49)
(0.02, -0.09, 0.36)(0.01, -0.05, 0.40)(0.00, -0.08, 0.37)(-0.04, -0.07, 0.39)(-0.06, -0.06, 0.42)(-0.07, -0.05, 0.43)(0.01, -0.08, 0.38)(-0.03, -0.03, 0.40)(-0.03, 0.00, 0.43)(-0.04, 0.01, 0.45)(-0.04, 0.01, 0.47)(0.01, -0.08, 0.38)(0.00, -0.03, 0.41)(-0.02, -0.03, 0.45)(-0.02, -0.04, 0.47)(-0.03, -0.06, 0.47)(0.02, -0.08, 0.38)(0.01, -0.04, 0.42)(0.00, -0.04, 0.45)(-0.01, -0.06, 0.46)(-0.01, -0.08, 0.46)(0.03, -0.08, 0.39)(0.03, -0.05, 0.43)(0.02, -0.05, 0.45)(0.01, -0.06, 0.46)(0.00, -0.07, 0.46)
(0.03, -0.10, 0.34)(0.02, -0.07, 0.37)(0.01, -0.10, 0.34)(-0.03, -0.08, 0.36)(-0.05, -0.07, 0.38)(-0.06, -0.06, 0.39)(0.02, -0.09, 0.35)(-0.01, -0.04, 0.36)(-0.02, -0.01, 0.39)(-0.03, 0.00, 0.41)(-0.04, 0.00, 0.43)(0.03, -0.09, 0.35)(0.01, -0.04, 0.37)(-0.01, -0.03, 0.41)(-0.02, -0.05, 0.42)(-0.02, -0.07, 0.42)(0.04, -0.09, 0.36)(0.02, -0.05, 0.38)(0.01, -0.04, 0.42)(0.00, -0.07, 0.42)(0.00, -0.08, 0.41)(0.04, -0.09, 0.36)(0.04, -0.05, 0.40)(0.03, -0.05, 0.42)(0.02, -0.07, 0.42)(0.01, -0.08, 0.41)
(0.05, -0.12, 0.33)(0.04, -0.08, 0.35)(0.03, -0.11, 0.33)(-0.01, -0.09, 0.34)(-0.03, -0.08, 0.35)(-0.05, -0.07, 0.36)(0.04, -0.11, 0.33)(0.01, -0.06, 0.34)(-0.01, -0.03, 0.37)(-0.02, -0.03, 0.39)(-0.02, -0.04, 0.40)(0.05, -0.11, 0.34)(0.03, -0.06, 0.35)(0.01, -0.04, 0.39)(0.00, -0.07, 0.40)(0.00, -0.08, 0.39)(0.06, -0.11, 0.34)(0.04, -0.06, 0.37)(0.02, -0.06, 0.40)(0.02, -0.08, 0.39)(0.02, -0.09, 0.38)(0.06, -0.11, 0.35)(0.06, -0.07, 0.38)(0.04, -0.07, 0.40)(0.03, -0.08, 0.39)(0.03, -0.09, 0.38)
(0.08, -0.14, 0.32)(0.07, -0.10, 0.34)(0.06, -0.13, 0.32)(0.02, -0.11, 0.33)(-0.01, -0.10, 0.34)(-0.02, -0.09, 0.35)(0.06, -0.13, 0.33)(0.04, -0.08, 0.34)(0.01, -0.06, 0.36)(0.00, -0.06, 0.38)(0.00, -0.07, 0.40)(0.07, -0.13, 0.33)(0.05, -0.08, 0.35)(0.03, -0.07, 0.38)(0.02, -0.10, 0.39)(0.02, -0.11, 0.38)(0.08, -0.13, 0.34)(0.07, -0.08, 0.36)(0.05, -0.08, 0.39)(0.04, -0.10, 0.38)(0.05, -0.11, 0.37)(0.09, -0.13, 0.34)(0.08, -0.09, 0.37)(0.06, -0.09, 0.39)(0.06, -0.11, 0.39)(0.06, -0.11, 0.37)
(0.11, -0.16, 0.32)(0.09, -0.13, 0.35)(0.08, -0.16, 0.33)(0.04, -0.14, 0.34)(0.02, -0.12, 0.36)(0.00, -0.12, 0.36)(0.09, -0.15, 0.33)(0.06, -0.10, 0.35)(0.04, -0.09, 0.38)(0.03, -0.10, 0.39)(0.03, -0.12, 0.40)(0.10, -0.15, 0.33)(0.08, -0.10, 0.36)(0.06, -0.10, 0.39)(0.05, -0.13, 0.40)(0.05, -0.14, 0.39)(0.11, -0.15, 0.34)(0.09, -0.11, 0.37)(0.07, -0.11, 0.40)(0.07, -0.13, 0.39)(0.07, -0.14, 0.38)(0.11, -0.15, 0.35)(0.10, -0.12, 0.38)(0.09, -0.12, 0.40)(0.08, -0.14, 0.40)(0.08, -0.14, 0.38)
(0.14, -0.17, 0.34)(0.13, -0.14, 0.37)(0.11, -0.16, 0.35)(0.07, -0.15, 0.37)(0.05, -0.14, 0.38)(0.03, -0.14, 0.39)(0.12, -0.16, 0.35)(0.09, -0.12, 0.38)(0.08, -0.11, 0.41)(0.08, -0.13, 0.43)(0.08, -0.15, 0.43)(0.13, -0.16, 0.35)(0.11, -0.12, 0.39)(0.10, -0.12, 0.43)(0.09, -0.14, 0.43)(0.09, -0.16, 0.42)(0.14, -0.16, 0.36)(0.13, -0.13, 0.40)(0.12, -0.13, 0.43)(0.11, -0.15, 0.43)(0.10, -0.16, 0.42)(0.15, -0.17, 0.36)(0.14, -0.14, 0.40)(0.14, -0.14, 0.42)(0.13, -0.16, 0.42)(0.12, -0.16, 0.41)
(0.15, -0.16, 0.36)(0.15, -0.13, 0.40)(0.13, -0.16, 0.37)(0.09, -0.14, 0.39)(0.06, -0.13, 0.41)(0.05, -0.13, 0.41)(0.14, -0.15, 0.37)(0.11, -0.11, 0.41)(0.10, -0.11, 0.45)(0.10, -0.13, 0.45)(0.11, -0.14, 0.44)(0.14, -0.15, 0.38)(0.13, -0.11, 0.42)(0.12, -0.11, 0.46)(0.12, -0.14, 0.46)(0.12, -0.15, 0.44)(0.16, -0.15, 0.38)(0.15, -0.12, 0.42)(0.14, -0.12, 0.46)(0.14, -0.14, 0.46)(0.13, -0.16, 0.44)(0.16, -0.16, 0.38)(0.17, -0.13, 0.42)(0.16, -0.13, 0.45)(0.15, -0.15, 0.44)(0.15, -0.16, 0.43)
(0.11, -0.15, 0.39)(0.10, -0.12, 0.43)(0.08, -0.15, 0.40)(0.05, -0.14, 0.42)(0.02, -0.13, 0.43)(0.00, -0.13, 0.44)(0.09, -0.14, 0.40)(0.07, -0.11, 0.45)(0.06, -0.13, 0.47)(0.07, -0.14, 0.46)(0.07, -0.14, 0.45)(0.10, -0.14, 0.40)(0.09, -0.11, 0.45)(0.08, -0.13, 0.48)(0.08, -0.15, 0.46)(0.09, -0.14, 0.44)(0.11, -0.14, 0.41)(0.11, -0.11, 0.45)(0.10, -0.14, 0.48)(0.10, -0.15, 0.46)(0.10, -0.14, 0.44)(0.12, -0.14, 0.41)(0.13, -0.12, 0.45)(0.12, -0.13, 0.47)(0.12, -0.15, 0.46)(0.11, -0.15, 0.45)
(0.02, -0.15, 0.37)(0.00, -0.13, 0.41)(-0.01, -0.15, 0.38)(-0.05, -0.14, 0.40)(-0.08, -0.14, 0.41)(-0.10, -0.13, 0.41)(0.00, -0.15, 0.39)(-0.03, -0.11, 0.43)(-0.04, -0.14, 0.45)(-0.03, -0.15, 0.43)(-0.02, -0.14, 0.42)(0.01, -0.15, 0.39)(-0.01, -0.11, 0.43)(-0.02, -0.14, 0.45)(-0.01, -0.15, 0.43)(-0.01, -0.14, 0.42)(0.02, -0.14, 0.39)(0.01, -0.12, 0.43)(0.00, -0.15, 0.45)(0.00, -0.15, 0.43)(0.00, -0.14, 0.42)(0.03, -0.15, 0.39)(0.03, -0.13, 0.44)(0.02, -0.14, 0.45)(0.02, -0.15, 0.44)(0.01, -0.14, 0.42)
(-0.01, -0.16, 0.33)(-0.03, -0.13, 0.37)(-0.04, -0.16, 0.34)(-0.08, -0.15, 0.34)(-0.12, -0.14, 0.35)(-0.13, -0.14, 0.34)(-0.03, -0.16, 0.34)(-0.07, -0.12, 0.37)(-0.08, -0.14, 0.40)(-0.07, -0.15, 0.38)(-0.06, -0.15, 0.37)(-0.03, -0.15, 0.35)(-0.05, -0.12, 0.38)(-0.07, -0.14, 0.41)(-0.06, -0.16, 0.39)(-0.05, -0.15, 0.37)(-0.02, -0.15, 0.35)(-0.03, -0.12, 0.39)(-0.05, -0.14, 0.41)(-0.04, -0.16, 0.39)(-0.04, -0.15, 0.38)(-0.01, -0.15, 0.35)(-0.02, -0.13, 0.40)(-0.02, -0.14, 0.41)(-0.03, -0.15, 0.40)(-0.03, -0.15, 0.39)
(0.01, -0.16, 0.33)(-0.01, -0.14, 0.36)(-0.02, -0.16, 0.33)(-0.06, -0.15, 0.34)(-0.09, -0.15, 0.34)(-0.11, -0.14, 0.33)(-0.01, -0.16, 0.34)(-0.05, -0.12, 0.37)(-0.06, -0.14, 0.39)(-0.05, -0.15, 0.38)(-0.04, -0.15, 0.37)(0.00, -0.16, 0.34)(-0.03, -0.12, 0.37)(-0.05, -0.14, 0.41)(-0.04, -0.16, 0.39)(-0.03, -0.15, 0.37)(0.01, -0.15, 0.35)(-0.01, -0.12, 0.38)(-0.03, -0.14, 0.41)(-0.02, -0.15, 0.40)(-0.02, -0.15, 0.38)(0.02, -0.16, 0.35)(0.00, -0.13, 0.39)(0.00, -0.14, 0.41)(-0.01, -0.15, 0.40)(-0.01, -0.15, 0.39)
(0.08, -0.17, 0.34)(0.06, -0.14, 0.38)(0.05, -0.16, 0.35)(0.01, -0.16, 0.35)(-0.02, -0.15, 0.36)(-0.04, -0.15, 0.35)(0.06, -0.16, 0.35)(0.02, -0.12, 0.38)(0.01, -0.14, 0.41)(0.02, -0.16, 0.40)(0.03, -0.16, 0.39)(0.07, -0.16, 0.36)(0.04, -0.12, 0.39)(0.03, -0.14, 0.42)(0.04, -0.16, 0.40)(0.04, -0.16, 0.39)(0.08, -0.16, 0.36)(0.06, -0.13, 0.40)(0.05, -0.14, 0.43)(0.05, -0.16, 0.41)(0.05, -0.15, 0.39)(0.09, -0.16, 0.37)(0.08, -0.13, 0.41)(0.07, -0.14, 0.43)(0.07, -0.16, 0.42)(0.06, -0.16, 0.40)
(0.13, -0.18, 0.37)(0.11, -0.15, 0.40)(0.10, -0.17, 0.38)(0.06, -0.16, 0.39)(0.03, -0.16, 0.40)(0.01, -0.15, 0.40)(0.11, -0.17, 0.38)(0.08, -0.13, 0.41)(0.06, -0.14, 0.44)(0.07, -0.16, 0.44)(0.08, -0.17, 0.43)(0.12, -0.17, 0.38)(0.10, -0.13, 0.42)(0.08, -0.14, 0.46)(0.08, -0.16, 0.45)(0.09, -0.16, 0.43)(0.13, -0.17, 0.39)(0.11, -0.13, 0.43)(0.10, -0.14, 0.46)(0.10, -0.16, 0.45)(0.10, -0.16, 0.43)(0.14, -0.17, 0.39)(0.13, -0.14, 0.43)(0.13, -0.14, 0.45)(0.12, -0.16, 0.45)(0.12, -0.16, 0.44)
(0.11, -0.16, 0.38)(0.10, -0.13, 0.42)(0.08, -0.15, 0.39)(0.05, -0.14, 0.41)(0.02, -0.13, 0.43)(0.00, -0.13, 0.43)(0.10, -0.15, 0.40)(0.07, -0.12, 0.44)(0.06, -0.13, 0.47)(0.07, -0.15, 0.46)(0.07, -0.15, 0.44)(0.10, -0.15, 0.40)(0.09, -0.12, 0.44)(0.08, -0.14, 0.48)(0.08, -0.16, 0.46)(0.08, -0.15, 0.44)(0.11, -0.15, 0.40)(0.11, -0.12, 0.44)(0.10, -0.14, 0.47)(0.10, -0.16, 0.46)(0.10, -0.15, 0.44)(0.12, -0.15, 0.40)(0.13, -0.13, 0.45)(0.13, -0.14, 0.47)(0.12, -0.15, 0.46)(0.11, -0.15, 0.45)
(0.04, -0.15, 0.35)(0.03, -0.13, 0.39)(0.01, -0.15, 0.36)(-0.03, -0.14, 0.38)(-0.06, -0.13, 0.39)(-0.08, -0.13, 0.39)(0.02, -0.15, 0.37)(-0.01, -0.11, 0.41)(-0.02, -0.13, 0.43)(-0.01, -0.15, 0.42)(0.00, -0.15, 0.40)(0.03, -0.15, 0.37)(0.01, -0.11, 0.41)(0.00, -0.14, 0.44)(0.01, -0.16, 0.42)(0.01, -0.15, 0.40)(0.04, -0.15, 0.37)(0.03, -0.12, 0.41)(0.02, -0.15, 0.44)(0.02, -0.15, 0.42)(0.02, -0.15, 0.40)(0.05, -0.15, 0.38)(0.05, -0.13, 0.42)(0.04, -0.14, 0.44)(0.04, -0.15, 0.42)(0.03, -0.15, 0.41)
(0.04, -0.16, 0.34)(0.02, -0.13, 0.38)(0.01, -0.16, 0.35)(-0.03, -0.15, 0.35)(-0.06, -0.15, 0.36)(-0.08, -0.15, 0.36)(0.02, -0.15, 0.35)(-0.02, -0.12, 0.38)(-0.03, -0.15, 0.41)(-0.02, -0.16, 0.39)(-0.01, -0.16, 0.38)(0.03, -0.15, 0.35)(0.00, -0.12, 0.39)(-0.01, -0.15, 0.42)(0.00, -0.16, 0.40)(0.00, -0.15, 0.38)(0.04, -0.15, 0.36)(0.02, -0.12, 0.40)(0.01, -0.15, 0.42)(0.01, -0.16, 0.40)(0.01, -0.15, 0.38)(0.04, -0.15, 0.36)(0.03, -0.13, 0.41)(0.03, -0.14, 0.42)(0.03, -0.16, 0.41)(0.02, -0.15, 0.39)
(0.04, -0.16, 0.34)(0.02, -0.13, 0.38)(0.01, -0.16, 0.35)(-0.03, -0.15, 0.35)(-0.06, -0.15, 0.36)(-0.08, -0.15, 0.36)(0.02, -0.15, 0.35)(-0.02, -0.12, 0.38)(-0.03, -0.15, 0.41)(-0.02, -0.16, 0.39)(-0.01, -0.16, 0.38)(0.03, -0.15, 0.35)(0.00, -0.12, 0.39)(-0.01, -0.15, 0.42)(0.00, -0.16, 0.40)(0.00, -0.15, 0.38)(0.04, -0.15, 0.36)(0.02, -0.12, 0.40)(0.01, -0.15, 0.42)(0.01, -0.16, 0.40)(0.01, -0.15, 0.38)(0.04, -0.15, 0.36)(0.03, -0.13, 0.41)(0.03, -0.14, 0.42)(0.03, -0.16, 0.41)(0.02, -0.15, 0.39)
(0.08, -0.16, 0.35)(0.06, -0.13, 0.39)(0.05, -0.16, 0.36)(0.01, -0.15, 0.37)(-0.02, -0.15, 0.37)(-0.04, -0.15, 0.37)(0.06, -0.15, 0.36)(0.02, -0.12, 0.40)(0.01, -0.14, 0.42)(0.02, -0.16, 0.41)(0.03, -0.16, 0.40)(0.07, -0.15, 0.37)(0.04, -0.12, 0.40)(0.03, -0.14, 0.44)(0.04, -0.16, 0.42)(0.04, -0.15, 0.40)(0.08, -0.15, 0.37)(0.06, -0.12, 0.41)(0.05, -0.14, 0.44)(0.05, -0.16, 0.42)(0.05, -0.15, 0.41)(0.09, -0.15, 0.37)(0.08, -0.13, 0.42)(0.07, -0.13, 0.44)(0.07, -0.15, 0.43)(0.06, -0.15, 0.42)
(0.12, -0.16, 0.38)(0.11, -0.13, 0.42)(0.10, -0.15, 0.39)(0.06, -0.15, 0.41)(0.03, -0.14, 0.42)(0.01, -0.14, 0.42)(0.11, -0.15, 0.40)(0.08, -0.12, 0.44)(0.07, -0.14, 0.46)(0.08, -0.16, 0.45)(0.08, -0.16, 0.43)(0.11, -0.15, 0.40)(0.10, -0.12, 0.44)(0.09, -0.15, 0.47)(0.09, -0.16, 0.45)(0.09, -0.15, 0.43)(0.13, -0.15, 0.40)(0.12, -0.13, 0.44)(0.11, -0.15, 0.47)(0.11, -0.16, 0.45)(0.11, -0.15, 0.43)(0.13, -0.15, 0.40)(0.13, -0.13, 0.45)(0.13, -0.15, 0.46)(0.12, -0.16, 0.45)(0.12, -0.16, 0.44)
(0.09, -0.17, 0.38)(0.08, -0.15, 0.42)(0.06, -0.17, 0.39)(0.02, -0.16, 0.41)(0.00, -0.15, 0.42)(-0.02, -0.15, 0.43)(0.07, -0.16, 0.40)(0.04, -0.13, 0.44)(0.04, -0.16, 0.46)(0.05, -0.17, 0.45)(0.05, -0.17, 0.43)(0.08, -0.16, 0.40)(0.07, -0.13, 0.44)(0.06, -0.16, 0.47)(0.06, -0.17, 0.45)(0.06, -0.17, 0.43)(0.09, -0.16, 0.40)(0.08, -0.14, 0.45)(0.08, -0.17, 0.47)(0.07, -0.17, 0.45)(0.07, -0.17, 0.43)(0.10, -0.16, 0.40)(0.10, -0.15, 0.45)(0.10, -0.16, 0.47)(0.09, -0.17, 0.45)(0.09, -0.17, 0.44)
(0.05, -0.18, 0.36)(0.04, -0.16, 0.40)(0.03, -0.18, 0.37)(-0.01, -0.17, 0.38)(-0.04, -0.17, 0.39)(-0.06, -0.17, 0.39)(0.04, -0.18, 0.37)(0.00, -0.15, 0.41)(-0.01, -0.17, 0.43)(0.00, -0.18, 0.42)(0.01, -0.18, 0.41)(0.05, -0.18, 0.38)(0.02, -0.14, 0.42)(0.01, -0.17, 0.44)(0.02, -0.19, 0.42)(0.02, -0.18, 0.41)(0.06, -0.18, 0.38)(0.04, -0.15, 0.42)(0.03, -0.17, 0.45)(0.03, -0.18, 0.43)(0.03, -0.18, 0.41)(0.06, -0.18, 0.38)(0.06, -0.16, 0.43)(0.05, -0.17, 0.45)(0.05, -0.18, 0.43)(0.04, -0.18, 0.42)
(0.09, -0.18, 0.36)(0.07, -0.15, 0.39)(0.06, -0.17, 0.36)(0.02, -0.17, 0.37)(-0.01, -0.16, 0.38)(-0.03, -0.16, 0.38)(0.07, -0.17, 0.37)(0.03, -0.14, 0.40)(0.02, -0.15, 0.43)(0.03, -0.17, 0.42)(0.04, -0.17, 0.40)(0.08, -0.17, 0.37)(0.05, -0.13, 0.41)(0.04, -0.16, 0.44)(0.05, -0.18, 0.42)(0.05, -0.17, 0.40)(0.09, -0.17, 0.37)(0.07, -0.14, 0.42)(0.06, -0.16, 0.45)(0.06, -0.17, 0.43)(0.06, -0.17, 0.41)(0.09, -0.17, 0.38)(0.09, -0.15, 0.43)(0.08, -0.16, 0.44)(0.08, -0.17, 0.43)(0.07, -0.17, 0.42)
(0.15, -0.16, 0.36)(0.13, -0.13, 0.40)(0.12, -0.16, 0.37)(0.08, -0.15, 0.39)(0.05, -0.14, 0.40)(0.03, -0.14, 0.40)(0.13, -0.15, 0.38)(0.10, -0.12, 0.41)(0.08, -0.12, 0.44)(0.09, -0.14, 0.44)(0.09, -0.15, 0.43)(0.14, -0.15, 0.38)(0.12, -0.11, 0.42)(0.10, -0.13, 0.45)(0.10, -0.15, 0.44)(0.11, -0.15, 0.43)(0.15, -0.15, 0.38)(0.13, -0.12, 0.43)(0.12, -0.13, 0.46)(0.12, -0.15, 0.45)(0.12, -0.15, 0.43)(0.16, -0.15, 0.38)(0.15, -0.13, 0.43)(0.15, -0.13, 0.45)(0.14, -0.15, 0.44)(0.14, -0.15, 0.43)
(0.17, -0.15, 0.37)(0.16, -0.12, 0.41)(0.14, -0.14, 0.38)(0.10, -0.13, 0.40)(0.08, -0.13, 0.41)(0.06, -0.13, 0.41)(0.15, -0.14, 0.38)(0.13, -0.11, 0.42)(0.11, -0.12, 0.45)(0.12, -0.14, 0.45)(0.13, -0.14, 0.43)(0.16, -0.14, 0.38)(0.15, -0.11, 0.43)(0.14, -0.12, 0.46)(0.14, -0.15, 0.44)(0.14, -0.14, 0.43)(0.17, -0.14, 0.39)(0.17, -0.11, 0.43)(0.16, -0.13, 0.46)(0.15, -0.15, 0.44)(0.15, -0.14, 0.43)(0.18, -0.14, 0.39)(0.18, -0.12, 0.44)(0.18, -0.13, 0.45)(0.17, -0.14, 0.45)(0.17, -0.14, 0.43)
(0.15, -0.14, 0.37)(0.15, -0.12, 0.41)(0.13, -0.14, 0.39)(0.09, -0.13, 0.41)(0.07, -0.12, 0.42)(0.05, -0.12, 0.43)(0.14, -0.14, 0.39)(0.12, -0.10, 0.43)(0.11, -0.12, 0.46)(0.11, -0.14, 0.45)(0.12, -0.14, 0.43)(0.15, -0.14, 0.39)(0.14, -0.10, 0.43)(0.13, -0.13, 0.47)(0.13, -0.15, 0.44)(0.13, -0.14, 0.43)(0.16, -0.14, 0.39)(0.16, -0.11, 0.44)(0.15, -0.13, 0.46)(0.14, -0.15, 0.44)(0.14, -0.14, 0.43)(0.17, -0.14, 0.39)(0.17, -0.12, 0.44)(0.17, -0.13, 0.46)(0.16, -0.15, 0.44)(0.15, -0.14, 0.43)
(0.06, -0.15, 0.37)(0.05, -0.13, 0.41)(0.03, -0.15, 0.38)(-0.01, -0.14, 0.40)(-0.04, -0.13, 0.41)(-0.06, -0.13, 0.41)(0.04, -0.15, 0.39)(0.01, -0.11, 0.43)(0.00, -0.13, 0.45)(0.01, -0.15, 0.44)(0.01, -0.15, 0.43)(0.05, -0.15, 0.39)(0.03, -0.11, 0.43)(0.02, -0.14, 0.46)(0.02, -0.16, 0.44)(0.03, -0.15, 0.42)(0.06, -0.15, 0.39)(0.05, -0.12, 0.43)(0.04, -0.15, 0.46)(0.04, -0.16, 0.44)(0.04, -0.15, 0.42)(0.07, -0.15, 0.39)(0.07, -0.13, 0.44)(0.06, -0.14, 0.46)(0.05, -0.16, 0.44)(0.05, -0.15, 0.43)
(0.02, -0.16, 0.36)(0.01, -0.13, 0.40)(0.00, -0.15, 0.37)(-0.04, -0.14, 0.38)(-0.07, -0.14, 0.39)(-0.09, -0.13, 0.39)(0.01, -0.15, 0.37)(-0.03, -0.12, 0.41)(-0.04, -0.14, 0.43)(-0.03, -0.15, 0.42)(-0.02, -0.15, 0.40)(0.01, -0.15, 0.37)(-0.01, -0.12, 0.41)(-0.02, -0.14, 0.44)(-0.01, -0.16, 0.42)(-0.01, -0.15, 0.40)(0.02, -0.15, 0.38)(0.01, -0.12, 0.42)(0.00, -0.15, 0.44)(0.00, -0.16, 0.42)(0.00, -0.15, 0.41)(0.03, -0.15, 0.38)(0.03, -0.13, 0.43)(0.02, -0.14, 0.44)(0.02, -0.16, 0.43)(0.01, -0.15, 0.41)
(0.04, -0.16, 0.34)(0.03, -0.13, 0.38)(0.01, -0.15, 0.35)(-0.03, -0.14, 0.36)(-0.06, -0.14, 0.37)(-0.08, -0.13, 0.36)(0.02, -0.15, 0.35)(-0.01, -0.11, 0.39)(-0.03, -0.13, 0.41)(-0.01, -0.15, 0.40)(-0.01, -0.15, 0.38)(0.03, -0.15, 0.36)(0.01, -0.11, 0.39)(-0.01, -0.14, 0.42)(0.00, -0.15, 0.40)(0.01, -0.15, 0.38)(0.04, -0.15, 0.36)(0.03, -0.12, 0.40)(0.01, -0.14, 0.42)(0.01, -0.15, 0.41)(0.02, -0.15, 0.39)(0.05, -0.15, 0.36)(0.04, -0.13, 0.41)(0.03, -0.14, 0.42)(0.03, -0.15, 0.41)(0.03, -0.15, 0.40)
(0.10, -0.16, 0.34)(0.08, -0.13, 0.38)(0.07, -0.16, 0.35)(0.03, -0.15, 0.36)(0.00, -0.14, 0.36)(-0.02, -0.14, 0.36)(0.08, -0.15, 0.35)(0.04, -0.12, 0.38)(0.03, -0.13, 0.41)(0.04, -0.15, 0.40)(0.05, -0.15, 0.39)(0.09, -0.15, 0.35)(0.06, -0.12, 0.39)(0.05, -0.14, 0.42)(0.05, -0.16, 0.40)(0.06, -0.15, 0.39)(0.10, -0.15, 0.36)(0.08, -0.12, 0.40)(0.07, -0.14, 0.43)(0.07, -0.16, 0.41)(0.07, -0.15, 0.39)(0.10, -0.15, 0.36)(0.10, -0.13, 0.41)(0.09, -0.14, 0.42)(0.08, -0.15, 0.41)(0.08, -0.15, 0.40)
(0.16, -0.17, 0.36)(0.15, -0.14, 0.39)(0.13, -0.17, 0.37)(0.09, -0.16, 0.38)(0.06, -0.15, 0.39)(0.04, -0.15, 0.40)(0.14, -0.16, 0.37)(0.11, -0.13, 0.41)(0.10, -0.13, 0.44)(0.10, -0.15, 0.44)(0.11, -0.16, 0.42)(0.15, -0.16, 0.37)(0.13, -0.12, 0.41)(0.12, -0.14, 0.45)(0.12, -0.16, 0.44)(0.12, -0.16, 0.42)(0.16, -0.16, 0.37)(0.15, -0.13, 0.42)(0.14, -0.14, 0.45)(0.14, -0.16, 0.44)(0.14, -0.16, 0.42)(0.17, -0.16, 0.38)(0.17, -0.14, 0.42)(0.16, -0.14, 0.44)(0.16, -0.16, 0.44)(0.15, -0.16, 0.42)
(0.20, -0.16, 0.37)(0.19, -0.14, 0.41)(0.18, -0.16, 0.38)(0.14, -0.15, 0.40)(0.11, -0.14, 0.42)(0.09, -0.14, 0.42)(0.19, -0.16, 0.39)(0.16, -0.13, 0.43)(0.15, -0.14, 0.46)(0.16, -0.16, 0.45)(0.16, -0.16, 0.43)(0.19, -0.16, 0.39)(0.18, -0.13, 0.43)(0.17, -0.15, 0.46)(0.17, -0.17, 0.44)(0.17, -0.16, 0.43)(0.20, -0.16, 0.39)(0.20, -0.13, 0.43)(0.19, -0.16, 0.46)(0.19, -0.17, 0.45)(0.19, -0.16, 0.43)(0.21, -0.16, 0.39)(0.22, -0.14, 0.44)(0.21, -0.15, 0.46)(0.21, -0.17, 0.45)(0.20, -0.17, 0.43)
(0.19, -0.16, 0.38)(0.19, -0.14, 0.42)(0.17, -0.16, 0.40)(0.14, -0.14, 0.42)(0.11, -0.14, 0.44)(0.09, -0.13, 0.44)(0.18, -0.15, 0.40)(0.16, -0.12, 0.44)(0.15, -0.14, 0.47)(0.16, -0.16, 0.46)(0.16, -0.16, 0.44)(0.19, -0.15, 0.40)(0.18, -0.12, 0.44)(0.18, -0.15, 0.48)(0.17, -0.16, 0.45)(0.17, -0.16, 0.44)(0.20, -0.15, 0.40)(0.20, -0.13, 0.45)(0.19, -0.15, 0.47)(0.19, -0.16, 0.45)(0.19, -0.16, 0.44)(0.21, -0.16, 0.40)(0.22, -0.14, 0.45)(0.22, -0.15, 0.46)(0.21, -0.16, 0.45)(0.20, -0.16, 0.44)
(0.14, -0.16, 0.39)(0.14, -0.14, 0.43)(0.12, -0.16, 0.40)(0.08, -0.15, 0.43)(0.06, -0.14, 0.44)(0.04, -0.14, 0.45)(0.13, -0.16, 0.41)(0.11, -0.12, 0.45)(0.10, -0.14, 0.48)(0.10, -0.16, 0.47)(0.11, -0.16, 0.45)(0.14, -0.16, 0.41)(0.13, -0.12, 0.45)(0.12, -0.15, 0.48)(0.12, -0.17, 0.46)(0.12, -0.16, 0.44)(0.15, -0.16, 0.41)(0.15, -0.13, 0.45)(0.14, -0.16, 0.48)(0.13, -0.17, 0.46)(0.13, -0.16, 0.44)(0.16, -0.16, 0.41)(0.16, -0.14, 0.46)(0.16, -0.16, 0.47)(0.15, -0.17, 0.46)(0.14, -0.16, 0.45)
(0.06, -0.17, 0.39)(0.05, -0.14, 0.43)(0.03, -0.16, 0.40)(-0.01, -0.16, 0.41)(-0.04, -0.15, 0.43)(-0.06, -0.15, 0.43)(0.04, -0.16, 0.40)(0.01, -0.13, 0.44)(0.00, -0.15, 0.47)(0.01, -0.17, 0.46)(0.02, -0.16, 0.44)(0.05, -0.16, 0.41)(0.03, -0.13, 0.45)(0.02, -0.16, 0.48)(0.03, -0.17, 0.45)(0.03, -0.16, 0.44)(0.06, -0.16, 0.41)(0.05, -0.13, 0.45)(0.04, -0.16, 0.48)(0.04, -0.17, 0.46)(0.04, -0.16, 0.44)(0.07, -0.16, 0.41)(0.07, -0.14, 0.46)(0.06, -0.16, 0.47)(0.06, -0.17, 0.46)(0.05, -0.17, 0.45)
(0.01, -0.17, 0.37)(-0.01, -0.14, 0.41)(-0.02, -0.17, 0.38)(-0.06, -0.16, 0.39)(-0.09, -0.15, 0.40)(-0.11, -0.15, 0.40)(-0.01, -0.16, 0.39)(-0.05, -0.13, 0.42)(-0.06, -0.15, 0.44)(-0.04, -0.17, 0.43)(-0.04, -0.17, 0.42)(0.00, -0.16, 0.39)(-0.03, -0.13, 0.43)(-0.04, -0.16, 0.45)(-0.03, -0.17, 0.43)(-0.03, -0.17, 0.42)(0.01, -0.16, 0.39)(-0.01, -0.14, 0.43)(-0.02, -0.16, 0.46)(-0.02, -0.17, 0.44)(-0.02, -0.16, 0.42)(0.02, -0.16, 0.40)(0.01, -0.14, 0.44)(0.00, -0.16, 0.46)(0.00, -0.17, 0.44)(0.00, -0.17, 0.43)
(0.01, -0.17, 0.35)(-0.01, -0.14, 0.39)(-0.02, -0.17, 0.36)(-0.06, -0.16, 0.37)(-0.09, -0.15, 0.38)(-0.11, -0.15, 0.38)(-0.01, -0.16, 0.37)(-0.05, -0.13, 0.40)(-0.06, -0.16, 0.42)(-0.04, -0.17, 0.41)(-0.04, -0.16, 0.40)(0.00, -0.16, 0.37)(-0.02, -0.13, 0.41)(-0.04, -0.16, 0.43)(-0.03, -0.17, 0.41)(-0.02, -0.16, 0.40)(0.01, -0.16, 0.37)(-0.01, -0.14, 0.42)(-0.02, -0.16, 0.44)(-0.02, -0.17, 0.42)(-0.01, -0.16, 0.40)(0.02, -0.16, 0.38)(0.01, -0.14, 0.43)(0.00, -0.16, 0.44)(0.00, -0.17, 0.42)(0.00, -0.17, 0.41)
(0.07, -0.16, 0.35)(0.05, -0.14, 0.39)(0.04, -0.16, 0.36)(0.00, -0.16, 0.37)(-0.03, -0.15, 0.37)(-0.05, -0.15, 0.37)(0.05, -0.16, 0.36)(0.01, -0.13, 0.40)(0.00, -0.15, 0.42)(0.01, -0.16, 0.41)(0.02, -0.16, 0.40)(0.06, -0.16, 0.37)(0.03, -0.13, 0.40)(0.02, -0.15, 0.43)(0.03, -0.17, 0.41)(0.03, -0.16, 0.40)(0.07, -0.16, 0.37)(0.05, -0.13, 0.41)(0.04, -0.15, 0.44)(0.04, -0.17, 0.42)(0.04, -0.16, 0.40)(0.08, -0.16, 0.37)(0.07, -0.14, 0.42)(0.06, -0.15, 0.44)(0.06, -0.16, 0.42)(0.05, -0.16, 0.41)
(0.13, -0.16, 0.36)(0.11, -0.14, 0.40)(0.10, -0.16, 0.37)(0.06, -0.15, 0.38)(0.03, -0.15, 0.39)(0.01, -0.15, 0.39)(0.11, -0.16, 0.38)(0.07, -0.12, 0.41)(0.06, -0.14, 0.44)(0.07, -0.16, 0.43)(0.08, -0.16, 0.41)(0.12, -0.15, 0.38)(0.09, -0.12, 0.42)(0.08, -0.14, 0.45)(0.09, -0.16, 0.43)(0.09, -0.16, 0.41)(0.13, -0.15, 0.38)(0.11, -0.13, 0.42)(0.10, -0.15, 0.45)(0.10, -0.16, 0.43)(0.10, -0.16, 0.42)(0.13, -0.16, 0.39)(0.13, -0.13, 0.43)(0.12, -0.14, 0.45)(0.12, -0.16, 0.44)(0.11, -0.16, 0.42)
(0.16, -0.16, 0.37)(0.15, -0.13, 0.41)(0.14, -0.16, 0.39)(0.10, -0.15, 0.41)(0.07, -0.14, 0.42)(0.05, -0.14, 0.43)(0.15, -0.15, 0.39)(0.12, -0.12, 0.43)(0.11, -0.13, 0.46)(0.12, -0.15, 0.45)(0.12, -0.15, 0.44)(0.16, -0.15, 0.39)(0.14, -0.12, 0.43)(0.13, -0.14, 0.47)(0.14, -0.16, 0.45)(0.14, -0.15, 0.43)(0.17, -0.15, 0.39)(0.16, -0.12, 0.44)(0.15, -0.14, 0.47)(0.15, -0.16, 0.45)(0.15, -0.15, 0.43)(0.18, -0.15, 0.39)(0.18, -0.13, 0.44)(0.18, -0.14, 0.46)(0.17, -0.15, 0.45)(0.16, -0.15, 0.44)
(0.17, -0.16, 0.39)(0.16, -0.14, 0.43)(0.14, -0.16, 0.40)(0.11, -0.15, 0.42)(0.08, -0.14, 0.44)(0.06, -0.14, 0.45)(0.15, -0.16, 0.40)(0.13, -0.12, 0.45)(0.12, -0.14, 0.48)(0.13, -0.16, 0.47)(0.13, -0.15, 0.45)(0.16, -0.16, 0.40)(0.15, -0.12, 0.45)(0.14, -0.15, 0.48)(0.14, -0.16, 0.46)(0.15, -0.15, 0.44)(0.17, -0.16, 0.41)(0.17, -0.13, 0.45)(0.16, -0.15, 0.48)(0.16, -0.16, 0.46)(0.16, -0.16, 0.44)(0.18, -0.16, 0.41)(0.19, -0.14, 0.45)(0.19, -0.15, 0.47)(0.18, -0.16, 0.46)(0.17, -0.16, 0.45)
(0.11, -0.18, 0.40)(0.11, -0.15, 0.44)(0.09, -0.17, 0.41)(0.05, -0.17, 0.43)(0.02, -0.16, 0.45)(0.00, -0.16, 0.45)(0.10, -0.17, 0.41)(0.07, -0.14, 0.46)(0.07, -0.16, 0.49)(0.07, -0.17, 0.47)(0.08, -0.17, 0.45)(0.10, -0.17, 0.41)(0.09, -0.14, 0.46)(0.09, -0.16, 0.49)(0.09, -0.18, 0.47)(0.09, -0.17, 0.45)(0.12, -0.17, 0.42)(0.11, -0.15, 0.46)(0.11, -0.17, 0.49)(0.10, -0.18, 0.47)(0.10, -0.17, 0.45)(0.12, -0.17, 0.42)(0.13, -0.15, 0.46)(0.13, -0.17, 0.48)(0.12, -0.18, 0.47)(0.11, -0.17, 0.46)
(0.04, -0.19, 0.39)(0.03, -0.17, 0.43)(0.02, -0.19, 0.40)(-0.02, -0.18, 0.42)(-0.05, -0.17, 0.43)(-0.07, -0.17, 0.43)(0.03, -0.18, 0.40)(0.00, -0.15, 0.45)(-0.01, -0.17, 0.47)(0.00, -0.19, 0.46)(0.00, -0.18, 0.44)(0.03, -0.18, 0.40)(0.02, -0.15, 0.45)(0.01, -0.18, 0.48)(0.01, -0.19, 0.45)(0.01, -0.18, 0.44)(0.05, -0.18, 0.41)(0.04, -0.16, 0.45)(0.03, -0.18, 0.48)(0.02, -0.19, 0.46)(0.03, -0.18, 0.44)(0.05, -0.18, 0.41)(0.05, -0.17, 0.46)(0.05, -0.18, 0.47)(0.04, -0.19, 0.46)(0.04, -0.19, 0.45)
(0.01, -0.18, 0.36)(0.00, -0.16, 0.40)(-0.01, -0.18, 0.37)(-0.05, -0.18, 0.38)(-0.08, -0.18, 0.39)(-0.10, -0.18, 0.39)(0.00, -0.18, 0.37)(-0.04, -0.15, 0.41)(-0.05, -0.17, 0.44)(-0.04, -0.19, 0.42)(-0.03, -0.18, 0.41)(0.00, -0.18, 0.38)(-0.02, -0.15, 0.42)(-0.03, -0.18, 0.45)(-0.02, -0.19, 0.42)(-0.02, -0.18, 0.41)(0.01, -0.18, 0.38)(0.00, -0.16, 0.42)(-0.01, -0.18, 0.45)(-0.01, -0.19, 0.43)(-0.01, -0.18, 0.41)(0.02, -0.18, 0.38)(0.01, -0.16, 0.43)(0.01, -0.18, 0.45)(0.01, -0.19, 0.43)(0.00, -0.19, 0.42)
(0.04, -0.18, 0.35)(0.02, -0.16, 0.39)(0.01, -0.18, 0.35)(-0.03, -0.17, 0.36)(-0.06, -0.17, 0.37)(-0.08, -0.17, 0.37)(0.02, -0.17, 0.36)(-0.02, -0.14, 0.40)(-0.03, -0.16, 0.42)(-0.02, -0.18, 0.41)(-0.01, -0.18, 0.39)(0.02, -0.17, 0.36)(0.00, -0.14, 0.40)(-0.01, -0.17, 0.43)(-0.01, -0.18, 0.41)(0.00, -0.18, 0.39)(0.03, -0.17, 0.37)(0.02, -0.15, 0.41)(0.01, -0.17, 0.43)(0.01, -0.18, 0.41)(0.01, -0.18, 0.40)(0.04, -0.17, 0.37)(0.03, -0.16, 0.42)(0.03, -0.17, 0.43)(0.02, -0.18, 0.42)(0.02, -0.18, 0.40)
(0.12, -0.17, 0.36)(0.10, -0.15, 0.40)(0.09, -0.17, 0.37)(0.05, -0.16, 0.38)(0.02, -0.16, 0.39)(0.00, -0.16, 0.39)(0.10, -0.17, 0.37)(0.07, -0.14, 0.41)(0.05, -0.16, 0.44)(0.06, -0.17, 0.42)(0.07, -0.17, 0.41)(0.11, -0.17, 0.38)(0.09, -0.13, 0.42)(0.07, -0.16, 0.45)(0.08, -0.18, 0.42)(0.08, -0.17, 0.41)(0.12, -0.17, 0.38)(0.10, -0.14, 0.42)(0.09, -0.16, 0.45)(0.09, -0.17, 0.43)(0.09, -0.17, 0.41)(0.13, -0.17, 0.38)(0.12, -0.15, 0.43)(0.12, -0.16, 0.45)(0.11, -0.17, 0.44)(0.11, -0.17, 0.42)
(0.18, -0.17, 0.37)(0.17, -0.15, 0.41)(0.15, -0.17, 0.38)(0.11, -0.16, 0.40)(0.09, -0.16, 0.41)(0.07, -0.16, 0.42)(0.16, -0.17, 0.39)(0.14, -0.13, 0.43)(0.13, -0.15, 0.46)(0.13, -0.17, 0.45)(0.14, -0.17, 0.43)(0.17, -0.17, 0.39)(0.16, -0.13, 0.43)(0.15, -0.16, 0.46)(0.15, -0.17, 0.44)(0.15, -0.17, 0.43)(0.18, -0.17, 0.39)(0.17, -0.14, 0.43)(0.17, -0.16, 0.47)(0.16, -0.17, 0.45)(0.16, -0.17, 0.43)(0.19, -0.17, 0.39)(0.19, -0.15, 0.44)(0.19, -0.16, 0.46)(0.18, -0.17, 0.45)(0.18, -0.17, 0.44)
(0.16, -0.17, 0.38)(0.16, -0.15, 0.43)(0.14, -0.16, 0.40)(0.10, -0.16, 0.42)(0.07, -0.15, 0.44)(0.06, -0.15, 0.44)(0.15, -0.16, 0.40)(0.13, -0.13, 0.45)(0.12, -0.15, 0.47)(0.13, -0.17, 0.46)(0.13, -0.16, 0.44)(0.16, -0.16, 0.40)(0.15, -0.13, 0.45)(0.14, -0.16, 0.48)(0.14, -0.17, 0.45)(0.14, -0.16, 0.44)(0.17, -0.16, 0.40)(0.17, -0.14, 0.45)(0.16, -0.16, 0.47)(0.15, -0.17, 0.45)(0.15, -0.17, 0.44)(0.18, -0.16, 0.40)(0.18, -0.15, 0.45)(0.18, -0.16, 0.47)(0.17, -0.17, 0.45)(0.16, -0.17, 0.44)
(0.10, -0.16, 0.38)(0.09, -0.14, 0.43)(0.07, -0.16, 0.40)(0.03, -0.15, 0.42)(0.01, -0.15, 0.43)(-0.01, -0.15, 0.44)(0.08, -0.16, 0.40)(0.06, -0.12, 0.45)(0.05, -0.14, 0.48)(0.05, -0.16, 0.47)(0.06, -0.16, 0.45)(0.09, -0.16, 0.40)(0.08, -0.12, 0.45)(0.07, -0.15, 0.48)(0.07, -0.17, 0.46)(0.07, -0.16, 0.44)(0.10, -0.16, 0.40)(0.10, -0.13, 0.45)(0.09, -0.15, 0.48)(0.09, -0.17, 0.46)(0.08, -0.16, 0.44)(0.11, -0.16, 0.40)(0.11, -0.14, 0.45)(0.11, -0.15, 0.47)(0.10, -0.17, 0.46)(0.10, -0.16, 0.45)
(0.05, -0.16, 0.38)(0.04, -0.14, 0.42)(0.03, -0.16, 0.38)(-0.01, -0.15, 0.40)(-0.04, -0.15, 0.41)(-0.06, -0.15, 0.41)(0.04, -0.16, 0.39)(0.00, -0.13, 0.43)(-0.01, -0.14, 0.46)(-0.01, -0.16, 0.45)(0.00, -0.16, 0.44)(0.04, -0.16, 0.39)(0.02, -0.13, 0.44)(0.01, -0.15, 0.47)(0.01, -0.17, 0.45)(0.02, -0.16, 0.43)(0.05, -0.16, 0.40)(0.04, -0.13, 0.44)(0.03, -0.15, 0.47)(0.03, -0.17, 0.45)(0.03, -0.16, 0.43)(0.06, -0.16, 0.40)(0.06, -0.14, 0.45)(0.05, -0.15, 0.47)(0.04, -0.17, 0.45)(0.04, -0.16, 0.44)
(0.04, -0.16, 0.37)(0.02, -0.14, 0.41)(0.01, -0.16, 0.37)(-0.03, -0.16, 0.38)(-0.06, -0.16, 0.39)(-0.08, -0.16, 0.39)(0.02, -0.16, 0.38)(-0.02, -0.13, 0.42)(-0.03, -0.14, 0.45)(-0.03, -0.16, 0.44)(-0.02, -0.17, 0.43)(0.03, -0.16, 0.38)(0.00, -0.13, 0.43)(-0.01, -0.15, 0.46)(-0.01, -0.17, 0.44)(0.00, -0.16, 0.43)(0.04, -0.16, 0.39)(0.02, -0.14, 0.44)(0.01, -0.15, 0.46)(0.01, -0.17, 0.45)(0.01, -0.17, 0.43)(0.05, -0.16, 0.39)(0.04, -0.14, 0.44)(0.03, -0.15, 0.46)(0.03, -0.17, 0.45)(0.02, -0.17, 0.44)
(0.10, -0.17, 0.37)(0.09, -0.14, 0.41)(0.08, -0.16, 0.38)(0.04, -0.16, 0.39)(0.01, -0.16, 0.40)(-0.01, -0.16, 0.40)(0.09, -0.16, 0.38)(0.05, -0.13, 0.42)(0.03, -0.13, 0.45)(0.03, -0.15, 0.45)(0.04, -0.16, 0.44)(0.09, -0.16, 0.39)(0.07, -0.13, 0.43)(0.05, -0.13, 0.46)(0.05, -0.16, 0.46)(0.05, -0.16, 0.44)(0.10, -0.16, 0.39)(0.09, -0.13, 0.44)(0.07, -0.13, 0.47)(0.07, -0.15, 0.46)(0.07, -0.16, 0.44)(0.11, -0.16, 0.39)(0.10, -0.14, 0.44)(0.09, -0.13, 0.46)(0.09, -0.15, 0.47)(0.08, -0.16, 0.45)
(0.16, -0.16, 0.37)(0.15, -0.14, 0.42)(0.13, -0.16, 0.38)(0.09, -0.16, 0.40)(0.07, -0.16, 0.42)(0.05, -0.16, 0.42)(0.14, -0.16, 0.39)(0.11, -0.13, 0.43)(0.10, -0.13, 0.46)(0.10, -0.15, 0.46)(0.11, -0.16, 0.45)(0.15, -0.16, 0.39)(0.13, -0.13, 0.44)(0.12, -0.14, 0.47)(0.12, -0.17, 0.46)(0.13, -0.16, 0.44)(0.16, -0.16, 0.39)(0.15, -0.13, 0.44)(0.14, -0.15, 0.47)(0.14, -0.17, 0.46)(0.14, -0.17, 0.44)(0.17, -0.16, 0.40)(0.17, -0.14, 0.45)(0.16, -0.15, 0.46)(0.16, -0.17, 0.46)(0.15, -0.17, 0.44)
(0.16, -0.16, 0.37)(0.15, -0.14, 0.42)(0.13, -0.16, 0.38)(0.09, -0.16, 0.40)(0.07, -0.16, 0.42)(0.05, -0.16, 0.42)(0.14, -0.16, 0.39)(0.11, -0.13, 0.43)(0.10, -0.13, 0.46)(0.10, -0.15, 0.46)(0.11, -0.16, 0.45)(0.15, -0.16, 0.39)(0.13, -0.13, 0.44)(0.12, -0.14, 0.47)(0.12, -0.17, 0.46)(0.13, -0.16, 0.44)(0.16, -0.16, 0.39)(0.15, -0.13, 0.44)(0.14, -0.15, 0.47)(0.14, -0.17, 0.46)(0.14, -0.17, 0.44)(0.17, -0.16, 0.40)(0.17, -0.14, 0.45)(0.16, -0.15, 0.46)(0.16, -0.17, 0.46)(0.15, -0.17, 0.44)
(0.15, -0.16, 0.37)(0.14, -0.14, 0.42)(0.13, -0.16, 0.39)(0.09, -0.16, 0.41)(0.06, -0.16, 0.43)(0.04, -0.15, 0.43)(0.14, -0.16, 0.39)(0.11, -0.13, 0.44)(0.10, -0.14, 0.47)(0.10, -0.16, 0.46)(0.11, -0.16, 0.45)(0.14, -0.16, 0.39)(0.13, -0.13, 0.44)(0.12, -0.15, 0.47)(0.12, -0.17, 0.45)(0.12, -0.16, 0.44)(0.15, -0.16, 0.40)(0.15, -0.13, 0.44)(0.14, -0.16, 0.47)(0.14, -0.17, 0.45)(0.14, -0.16, 0.44)(0.16, -0.16, 0.40)(0.16, -0.14, 0.45)(0.16, -0.16, 0.46)(0.15, -0.17, 0.45)(0.15, -0.17, 0.44)
(0.06, -0.18, 0.35)(0.05, -0.16, 0.39)(0.04, -0.18, 0.36)(-0.01, -0.17, 0.37)(-0.04, -0.17, 0.38)(-0.05, -0.17, 0.39)(0.04, -0.18, 0.36)(0.01, -0.15, 0.40)(-0.01, -0.16, 0.43)(0.00, -0.18, 0.42)(0.01, -0.18, 0.41)(0.05, -0.18, 0.37)(0.03, -0.14, 0.41)(0.01, -0.16, 0.44)(0.02, -0.18, 0.43)(0.02, -0.18, 0.41)(0.06, -0.18, 0.37)(0.05, -0.15, 0.42)(0.03, -0.16, 0.45)(0.03, -0.18, 0.44)(0.03, -0.18, 0.42)(0.07, -0.18, 0.37)(0.06, -0.16, 0.42)(0.06, -0.16, 0.44)(0.05, -0.17, 0.44)(0.05, -0.18, 0.43)
(0.05, -0.20, 0.33)(0.03, -0.18, 0.36)(0.02, -0.20, 0.33)(-0.02, -0.19, 0.34)(-0.06, -0.19, 0.35)(-0.07, -0.19, 0.35)(0.03, -0.19, 0.34)(-0.01, -0.16, 0.37)(-0.03, -0.18, 0.40)(-0.02, -0.20, 0.39)(-0.01, -0.20, 0.38)(0.04, -0.19, 0.34)(0.01, -0.16, 0.38)(-0.01, -0.18, 0.41)(0.00, -0.20, 0.39)(0.01, -0.20, 0.38)(0.05, -0.19, 0.35)(0.03, -0.17, 0.39)(0.01, -0.19, 0.42)(0.01, -0.20, 0.40)(0.02, -0.20, 0.38)(0.05, -0.19, 0.35)(0.04, -0.17, 0.40)(0.04, -0.18, 0.41)(0.03, -0.20, 0.40)(0.03, -0.20, 0.39)
(0.10, -0.20, 0.33)(0.08, -0.18, 0.37)(0.07, -0.20, 0.34)(0.03, -0.19, 0.35)(0.00, -0.19, 0.36)(-0.02, -0.18, 0.36)(0.08, -0.20, 0.35)(0.04, -0.16, 0.38)(0.03, -0.18, 0.41)(0.04, -0.20, 0.40)(0.05, -0.20, 0.39)(0.09, -0.20, 0.35)(0.06, -0.16, 0.39)(0.05, -0.19, 0.42)(0.05, -0.21, 0.40)(0.06, -0.20, 0.39)(0.10, -0.19, 0.35)(0.08, -0.17, 0.40)(0.07, -0.19, 0.43)(0.07, -0.20, 0.41)(0.07, -0.20, 0.39)(0.11, -0.20, 0.36)(0.10, -0.18, 0.41)(0.09, -0.19, 0.42)(0.09, -0.20, 0.41)(0.08, -0.20, 0.40)
(0.16, -0.20, 0.35)(0.15, -0.18, 0.39)(0.13, -0.20, 0.36)(0.09, -0.19, 0.37)(0.06, -0.18, 0.38)(0.04, -0.18, 0.39)(0.14, -0.19, 0.36)(0.11, -0.16, 0.40)(0.10, -0.18, 0.43)(0.11, -0.20, 0.42)(0.11, -0.20, 0.41)(0.15, -0.19, 0.37)(0.13, -0.16, 0.41)(0.12, -0.19, 0.44)(0.12, -0.21, 0.42)(0.12, -0.20, 0.41)(0.16, -0.19, 0.37)(0.15, -0.17, 0.41)(0.14, -0.19, 0.44)(0.14, -0.20, 0.43)(0.14, -0.20, 0.41)(0.17, -0.20, 0.37)(0.17, -0.18, 0.42)(0.16, -0.19, 0.44)(0.15, -0.20, 0.43)(0.15, -0.20, 0.41)
(0.17, -0.20, 0.36)(0.16, -0.18, 0.40)(0.15, -0.19, 0.37)(0.11, -0.18, 0.39)(0.08, -0.18, 0.40)(0.06, -0.17, 0.40)(0.16, -0.19, 0.38)(0.13, -0.16, 0.42)(0.12, -0.17, 0.45)(0.12, -0.19, 0.44)(0.13, -0.20, 0.43)(0.16, -0.19, 0.38)(0.15, -0.16, 0.42)(0.14, -0.18, 0.46)(0.14, -0.20, 0.44)(0.14, -0.20, 0.42)(0.18, -0.19, 0.38)(0.17, -0.17, 0.43)(0.16, -0.19, 0.46)(0.15, -0.20, 0.44)(0.15, -0.20, 0.42)(0.18, -0.19, 0.38)(0.19, -0.18, 0.43)(0.18, -0.19, 0.45)(0.17, -0.20, 0.44)(0.17, -0.20, 0.43)
(0.13, -0.18, 0.37)(0.13, -0.16, 0.42)(0.11, -0.18, 0.39)(0.07, -0.17, 0.41)(0.04, -0.16, 0.42)(0.02, -0.16, 0.42)(0.12, -0.18, 0.39)(0.09, -0.14, 0.43)(0.08, -0.15, 0.47)(0.09, -0.17, 0.46)(0.09, -0.18, 0.45)(0.13, -0.18, 0.39)(0.11, -0.14, 0.44)(0.10, -0.16, 0.47)(0.10, -0.18, 0.46)(0.10, -0.18, 0.44)(0.14, -0.18, 0.39)(0.13, -0.15, 0.44)(0.12, -0.17, 0.47)(0.12, -0.18, 0.46)(0.12, -0.18, 0.44)(0.15, -0.18, 0.40)(0.15, -0.16, 0.45)(0.14, -0.17, 0.46)(0.13, -0.18, 0.46)(0.13, -0.18, 0.44)
(0.06, -0.17, 0.36)(0.04, -0.15, 0.40)(0.03, -0.17, 0.37)(-0.01, -0.16, 0.38)(-0.04, -0.15, 0.39)(-0.06, -0.14, 0.39)(0.04, -0.17, 0.37)(0.01, -0.13, 0.41)(-0.01, -0.14, 0.44)(0.00, -0.16, 0.43)(0.00, -0.17, 0.42)(0.05, -0.17, 0.37)(0.03, -0.13, 0.41)(0.01, -0.14, 0.45)(0.01, -0.17, 0.43)(0.02, -0.17, 0.42)(0.06, -0.17, 0.38)(0.04, -0.14, 0.42)(0.03, -0.15, 0.45)(0.03, -0.17, 0.44)(0.03, -0.17, 0.42)(0.07, -0.17, 0.38)(0.06, -0.15, 0.43)(0.05, -0.16, 0.45)(0.05, -0.17, 0.44)(0.04, -0.17, 0.42)
(0.04, -0.18, 0.34)(0.02, -0.15, 0.38)(0.01, -0.17, 0.35)(-0.03, -0.16, 0.35)(-0.06, -0.15, 0.36)(-0.08, -0.15, 0.37)(0.02, -0.17, 0.35)(-0.02, -0.13, 0.38)(-0.03, -0.15, 0.41)(-0.03, -0.17, 0.40)(-0.02, -0.17, 0.39)(0.02, -0.17, 0.36)(0.00, -0.13, 0.39)(-0.02, -0.16, 0.42)(-0.01, -0.17, 0.40)(-0.01, -0.17, 0.38)(0.03, -0.17, 0.36)(0.02, -0.14, 0.40)(0.00, -0.16, 0.42)(0.00, -0.18, 0.41)(0.01, -0.17, 0.39)(0.04, -0.17, 0.36)(0.03, -0.15, 0.41)(0.02, -0.17, 0.42)(0.02, -0.18, 0.41)(0.02, -0.17, 0.40)
(0.05, -0.18, 0.34)(0.04, -0.15, 0.37)(0.03, -0.18, 0.34)(-0.01, -0.16, 0.35)(-0.04, -0.15, 0.36)(-0.06, -0.15, 0.36)(0.04, -0.17, 0.35)(0.00, -0.13, 0.38)(-0.02, -0.15, 0.41)(-0.01, -0.17, 0.40)(0.00, -0.17, 0.38)(0.04, -0.17, 0.35)(0.02, -0.13, 0.39)(0.00, -0.16, 0.42)(0.01, -0.18, 0.40)(0.01, -0.17, 0.38)(0.05, -0.17, 0.36)(0.04, -0.14, 0.40)(0.02, -0.16, 0.42)(0.02, -0.18, 0.40)(0.03, -0.18, 0.38)(0.06, -0.17, 0.36)(0.05, -0.15, 0.41)(0.04, -0.17, 0.42)(0.04, -0.18, 0.41)(0.04, -0.18, 0.39)
(0.12, -0.18, 0.36)(0.11, -0.15, 0.40)(0.10, -0.18, 0.37)(0.05, -0.16, 0.38)(0.02, -0.16, 0.39)(0.01, -0.15, 0.39)(0.11, -0.17, 0.38)(0.07, -0.13, 0.41)(0.06, -0.15, 0.44)(0.07, -0.17, 0.43)(0.07, -0.17, 0.41)(0.11, -0.17, 0.38)(0.09, -0.13, 0.42)(0.08, -0.16, 0.45)(0.08, -0.17, 0.43)(0.09, -0.17, 0.41)(0.12, -0.17, 0.38)(0.11, -0.14, 0.42)(0.10, -0.16, 0.45)(0.09, -0.17, 0.43)(0.10, -0.17, 0.41)(0.13, -0.17, 0.39)(0.12, -0.15, 0.43)(0.12, -0.16, 0.45)(0.11, -0.17, 0.44)(0.11, -0.17, 0.42)
(0.17, -0.17, 0.37)(0.16, -0.15, 0.41)(0.15, -0.17, 0.39)(0.11, -0.16, 0.40)(0.08, -0.15, 0.42)(0.06, -0.14, 0.42)(0.16, -0.16, 0.39)(0.13, -0.13, 0.43)(0.12, -0.13, 0.46)(0.13, -0.16, 0.45)(0.13, -0.16, 0.44)(0.16, -0.16, 0.39)(0.15, -0.13, 0.43)(0.14, -0.14, 0.47)(0.14, -0.16, 0.45)(0.14, -0.16, 0.43)(0.18, -0.16, 0.39)(0.17, -0.13, 0.43)(0.16, -0.15, 0.47)(0.16, -0.16, 0.45)(0.16, -0.16, 0.43)(0.18, -0.17, 0.39)(0.19, -0.14, 0.44)(0.18, -0.15, 0.46)(0.17, -0.16, 0.45)(0.17, -0.17, 0.44)
(0.18, -0.16, 0.38)(0.17, -0.14, 0.42)(0.15, -0.16, 0.39)(0.12, -0.14, 0.41)(0.09, -0.13, 0.43)(0.07, -0.13, 0.44)(0.16, -0.16, 0.40)(0.14, -0.12, 0.44)(0.13, -0.14, 0.47)(0.14, -0.15, 0.45)(0.14, -0.15, 0.43)(0.17, -0.16, 0.40)(0.16, -0.12, 0.44)(0.15, -0.14, 0.47)(0.15, -0.16, 0.45)(0.15, -0.15, 0.43)(0.18, -0.16, 0.40)(0.18, -0.13, 0.44)(0.17, -0.15, 0.47)(0.17, -0.16, 0.45)(0.16, -0.16, 0.43)(0.19, -0.16, 0.40)(0.20, -0.14, 0.44)(0.19, -0.15, 0.46)(0.18, -0.16, 0.45)(0.18, -0.16, 0.43)
(0.11, -0.16, 0.37)(0.11, -0.14, 0.41)(0.09, -0.16, 0.38)(0.05, -0.14, 0.40)(0.02, -0.13, 0.42)(0.01, -0.13, 0.42)(0.10, -0.15, 0.38)(0.07, -0.12, 0.43)(0.06, -0.13, 0.46)(0.07, -0.15, 0.45)(0.07, -0.16, 0.43)(0.11, -0.15, 0.39)(0.09, -0.12, 0.43)(0.08, -0.14, 0.46)(0.08, -0.16, 0.44)(0.09, -0.16, 0.42)(0.12, -0.15, 0.39)(0.11, -0.13, 0.43)(0.10, -0.15, 0.46)(0.10, -0.16, 0.44)(0.10, -0.16, 0.42)(0.12, -0.16, 0.39)(0.13, -0.14, 0.44)(0.12, -0.15, 0.45)(0.12, -0.16, 0.44)(0.11, -0.16, 0.42)
(0.09, -0.17, 0.37)(0.07, -0.14, 0.41)(0.06, -0.17, 0.38)(0.02, -0.16, 0.39)(-0.01, -0.15, 0.40)(-0.03, -0.15, 0.41)(0.07, -0.16, 0.38)(0.04, -0.13, 0.42)(0.03, -0.15, 0.45)(0.03, -0.17, 0.44)(0.04, -0.17, 0.42)(0.08, -0.16, 0.38)(0.06, -0.13, 0.43)(0.05, -0.16, 0.46)(0.05, -0.17, 0.43)(0.05, -0.17, 0.42)(0.09, -0.16, 0.39)(0.08, -0.14, 0.43)(0.07, -0.16, 0.46)(0.06, -0.17, 0.44)(0.07, -0.17, 0.42)(0.10, -0.16, 0.39)(0.09, -0.14, 0.44)(0.09, -0.16, 0.45)(0.08, -0.17, 0.44)(0.08, -0.17, 0.43)
(0.10, -0.17, 0.36)(0.08, -0.15, 0.40)(0.07, -0.17, 0.37)(0.03, -0.16, 0.38)(0.00, -0.15, 0.40)(-0.02, -0.15, 0.40)(0.08, -0.17, 0.38)(0.05, -0.14, 0.42)(0.03, -0.15, 0.44)(0.04, -0.17, 0.43)(0.05, -0.17, 0.42)(0.09, -0.17, 0.38)(0.07, -0.13, 0.42)(0.05, -0.16, 0.45)(0.06, -0.18, 0.43)(0.06, -0.17, 0.42)(0.10, -0.17, 0.38)(0.09, -0.14, 0.43)(0.07, -0.16, 0.46)(0.07, -0.18, 0.44)(0.08, -0.17, 0.42)(0.11, -0.17, 0.39)(0.10, -0.15, 0.43)(0.10, -0.16, 0.45)(0.09, -0.17, 0.44)(0.09, -0.17, 0.43)
(0.15, -0.17, 0.36)(0.14, -0.15, 0.40)(0.13, -0.17, 0.37)(0.09, -0.16, 0.39)(0.06, -0.15, 0.40)(0.04, -0.15, 0.40)(0.14, -0.16, 0.38)(0.10, -0.13, 0.42)(0.09, -0.13, 0.45)(0.09, -0.15, 0.45)(0.10, -0.16, 0.44)(0.14, -0.16, 0.38)(0.12, -0.13, 0.42)(0.11, -0.14, 0.46)(0.11, -0.16, 0.45)(0.11, -0.16, 0.43)(0.15, -0.16, 0.38)(0.14, -0.14, 0.43)(0.13, -0.14, 0.46)(0.13, -0.16, 0.45)(0.13, -0.16, 0.43)(0.16, -0.17, 0.39)(0.16, -0.14, 0.44)(0.15, -0.15, 0.46)(0.15, -0.16, 0.45)(0.14, -0.17, 0.44)
(0.16, -0.17, 0.37)(0.15, -0.14, 0.41)(0.13, -0.16, 0.38)(0.09, -0.15, 0.40)(0.07, -0.15, 0.41)(0.05, -0.14, 0.42)(0.14, -0.16, 0.38)(0.11, -0.13, 0.42)(0.10, -0.13, 0.46)(0.10, -0.15, 0.46)(0.10, -0.16, 0.44)(0.15, -0.16, 0.38)(0.13, -0.13, 0.43)(0.12, -0.14, 0.47)(0.12, -0.16, 0.46)(0.12, -0.16, 0.44)(0.16, -0.16, 0.39)(0.15, -0.13, 0.44)(0.14, -0.14, 0.47)(0.13, -0.16, 0.46)(0.14, -0.16, 0.44)(0.17, -0.16, 0.39)(0.17, -0.14, 0.44)(0.16, -0.15, 0.46)(0.15, -0.16, 0.46)(0.15, -0.16, 0.44)
(0.14, -0.17, 0.37)(0.13, -0.15, 0.41)(0.11, -0.17, 0.38)(0.07, -0.16, 0.40)(0.05, -0.16, 0.42)(0.03, -0.15, 0.42)(0.12, -0.17, 0.38)(0.09, -0.13, 0.43)(0.08, -0.13, 0.46)(0.08, -0.16, 0.46)(0.09, -0.16, 0.45)(0.13, -0.17, 0.39)(0.11, -0.13, 0.43)(0.10, -0.14, 0.47)(0.10, -0.17, 0.46)(0.10, -0.17, 0.44)(0.14, -0.17, 0.39)(0.13, -0.14, 0.44)(0.12, -0.15, 0.47)(0.12, -0.17, 0.46)(0.12, -0.17, 0.44)(0.15, -0.17, 0.39)(0.15, -0.15, 0.44)(0.14, -0.15, 0.46)(0.14, -0.17, 0.46)(0.13, -0.17, 0.44)
(0.08, -0.19, 0.36)(0.06, -0.16, 0.40)(0.05, -0.18, 0.37)(0.01, -0.18, 0.39)(-0.02, -0.17, 0.40)(-0.04, -0.17, 0.40)(0.06, -0.18, 0.38)(0.03, -0.15, 0.42)(0.01, -0.15, 0.45)(0.02, -0.17, 0.44)(0.02, -0.18, 0.43)(0.07, -0.18, 0.38)(0.05, -0.14, 0.42)(0.03, -0.16, 0.46)(0.03, -0.18, 0.45)(0.04, -0.18, 0.43)(0.08, -0.18, 0.38)(0.06, -0.15, 0.43)(0.05, -0.16, 0.46)(0.05, -0.18, 0.45)(0.05, -0.18, 0.43)(0.09, -0.18, 0.39)(0.08, -0.16, 0.44)(0.08, -0.16, 0.46)(0.07, -0.18, 0.45)(0.06, -0.18, 0.44)
(0.07, -0.19, 0.36)(0.05, -0.17, 0.40)(0.04, -0.19, 0.37)(0.00, -0.18, 0.38)(-0.03, -0.18, 0.39)(-0.05, -0.18, 0.39)(0.05, -0.18, 0.37)(0.02, -0.15, 0.41)(0.00, -0.16, 0.44)(0.01, -0.18, 0.43)(0.01, -0.18, 0.42)(0.06, -0.18, 0.38)(0.04, -0.15, 0.41)(0.02, -0.16, 0.45)(0.02, -0.19, 0.44)(0.03, -0.18, 0.42)(0.07, -0.18, 0.38)(0.05, -0.15, 0.42)(0.04, -0.17, 0.45)(0.04, -0.19, 0.44)(0.04, -0.18, 0.42)(0.08, -0.19, 0.38)(0.07, -0.16, 0.43)(0.06, -0.17, 0.45)(0.06, -0.18, 0.44)(0.05, -0.19, 0.43)
(0.10, -0.19, 0.36)(0.08, -0.16, 0.40)(0.07, -0.19, 0.37)(0.03, -0.18, 0.38)(0.00, -0.18, 0.39)(-0.02, -0.17, 0.39)(0.08, -0.18, 0.37)(0.04, -0.15, 0.41)(0.03, -0.15, 0.44)(0.03, -0.17, 0.44)(0.04, -0.18, 0.42)(0.09, -0.18, 0.38)(0.06, -0.15, 0.41)(0.05, -0.15, 0.45)(0.05, -0.18, 0.44)(0.05, -0.18, 0.42)(0.10, -0.18, 0.38)(0.08, -0.15, 0.42)(0.07, -0.16, 0.45)(0.06, -0.18, 0.44)(0.07, -0.18, 0.43)(0.10, -0.19, 0.38)(0.10, -0.16, 0.43)(0.09, -0.16, 0.45)(0.08, -0.18, 0.45)(0.08, -0.18, 0.43)
(0.16, -0.18, 0.38)(0.15, -0.15, 0.42)(0.13, -0.18, 0.39)(0.10, -0.17, 0.41)(0.07, -0.16, 0.42)(0.05, -0.16, 0.43)(0.14, -0.17, 0.39)(0.12, -0.13, 0.43)(0.11, -0.13, 0.46)(0.11, -0.15, 0.47)(0.11, -0.16, 0.46)(0.15, -0.17, 0.39)(0.14, -0.13, 0.43)(0.13, -0.14, 0.47)(0.12, -0.16, 0.47)(0.13, -0.17, 0.45)(0.16, -0.17, 0.40)(0.16, -0.14, 0.44)(0.15, -0.15, 0.47)(0.14, -0.17, 0.47)(0.14, -0.17, 0.45)(0.17, -0.18, 0.40)(0.17, -0.15, 0.44)(0.17, -0.15, 0.47)(0.16, -0.16, 0.46)(0.16, -0.17, 0.45)
(0.15, -0.18, 0.38)(0.14, -0.15, 0.42)(0.13, -0.18, 0.40)(0.09, -0.17, 0.42)(0.06, -0.16, 0.43)(0.04, -0.16, 0.44)(0.14, -0.17, 0.40)(0.11, -0.13, 0.44)(0.10, -0.13, 0.47)(0.10, -0.15, 0.48)(0.11, -0.16, 0.46)(0.14, -0.17, 0.40)(0.13, -0.13, 0.44)(0.12, -0.14, 0.48)(0.12, -0.17, 0.47)(0.12, -0.17, 0.46)(0.15, -0.17, 0.40)(0.15, -0.14, 0.45)(0.14, -0.15, 0.48)(0.14, -0.17, 0.47)(0.13, -0.17, 0.45)(0.16, -0.17, 0.41)(0.17, -0.15, 0.45)(0.16, -0.15, 0.47)(0.15, -0.17, 0.47)(0.15, -0.17, 0.46)
(0.08, -0.19, 0.37)(0.07, -0.17, 0.41)(0.05, -0.19, 0.38)(0.01, -0.18, 0.40)(-0.02, -0.18, 0.41)(-0.04, -0.17, 0.41)(0.06, -0.18, 0.38)(0.03, -0.15, 0.43)(0.02, -0.15, 0.46)(0.02, -0.17, 0.46)(0.03, -0.18, 0.44)(0.07, -0.18, 0.39)(0.05, -0.15, 0.43)(0.04, -0.16, 0.47)(0.04, -0.18, 0.46)(0.04, -0.18, 0.44)(0.08, -0.18, 0.39)(0.07, -0.15, 0.44)(0.06, -0.16, 0.47)(0.06, -0.18, 0.46)(0.06, -0.18, 0.44)(0.09, -0.19, 0.39)(0.09, -0.16, 0.44)(0.08, -0.16, 0.46)(0.08, -0.18, 0.46)(0.07, -0.18, 0.45)
(0.05, -0.20, 0.36)(0.03, -0.18, 0.40)(0.02, -0.20, 0.36)(-0.02, -0.19, 0.38)(-0.05, -0.19, 0.39)(-0.07, -0.19, 0.39)(0.03, -0.20, 0.37)(-0.01, -0.17, 0.41)(-0.02, -0.17, 0.44)(-0.02, -0.19, 0.44)(-0.01, -0.20, 0.42)(0.04, -0.20, 0.37)(0.01, -0.16, 0.41)(0.00, -0.18, 0.45)(0.00, -0.20, 0.44)(0.00, -0.20, 0.42)(0.05, -0.19, 0.38)(0.03, -0.17, 0.42)(0.02, -0.18, 0.46)(0.02, -0.20, 0.45)(0.02, -0.20, 0.43)(0.05, -0.20, 0.38)(0.05, -0.18, 0.43)(0.04, -0.18, 0.45)(0.04, -0.19, 0.45)(0.03, -0.20, 0.43)
(0.07, -0.21, 0.36)(0.05, -0.18, 0.40)(0.04, -0.21, 0.36)(0.00, -0.20, 0.37)(-0.03, -0.19, 0.38)(-0.05, -0.19, 0.38)(0.05, -0.20, 0.37)(0.01, -0.17, 0.40)(-0.01, -0.17, 0.43)(0.00, -0.19, 0.43)(0.01, -0.20, 0.42)(0.06, -0.20, 0.37)(0.03, -0.16, 0.41)(0.01, -0.17, 0.45)(0.01, -0.20, 0.44)(0.02, -0.19, 0.43)(0.07, -0.20, 0.38)(0.05, -0.17, 0.42)(0.03, -0.17, 0.45)(0.03, -0.19, 0.45)(0.03, -0.19, 0.43)(0.08, -0.20, 0.38)(0.07, -0.18, 0.43)(0.06, -0.17, 0.45)(0.05, -0.19, 0.45)(0.05, -0.19, 0.44)
(0.13, -0.20, 0.36)(0.11, -0.18, 0.40)(0.10, -0.20, 0.37)(0.06, -0.19, 0.38)(0.03, -0.18, 0.39)(0.01, -0.18, 0.39)(0.11, -0.20, 0.38)(0.08, -0.16, 0.41)(0.06, -0.16, 0.44)(0.06, -0.18, 0.45)(0.07, -0.19, 0.44)(0.12, -0.20, 0.38)(0.10, -0.16, 0.42)(0.08, -0.16, 0.46)(0.08, -0.19, 0.46)(0.08, -0.19, 0.44)(0.13, -0.20, 0.38)(0.11, -0.16, 0.43)(0.10, -0.16, 0.46)(0.10, -0.18, 0.46)(0.10, -0.19, 0.44)(0.14, -0.20, 0.39)(0.13, -0.17, 0.43)(0.13, -0.17, 0.46)(0.12, -0.18, 0.46)(0.11, -0.19, 0.45)
(0.16, -0.19, 0.37)(0.16, -0.17, 0.41)(0.14, -0.19, 0.38)(0.10, -0.18, 0.40)(0.07, -0.17, 0.41)(0.05, -0.17, 0.42)(0.15, -0.19, 0.38)(0.12, -0.15, 0.42)(0.11, -0.15, 0.45)(0.11, -0.17, 0.45)(0.12, -0.18, 0.44)(0.16, -0.19, 0.38)(0.14, -0.15, 0.43)(0.13, -0.15, 0.47)(0.13, -0.18, 0.46)(0.13, -0.19, 0.44)(0.17, -0.19, 0.39)(0.16, -0.15, 0.43)(0.15, -0.16, 0.47)(0.15, -0.18, 0.46)(0.15, -0.19, 0.44)(0.18, -0.19, 0.39)(0.18, -0.16, 0.44)(0.18, -0.17, 0.46)(0.17, -0.18, 0.46)(0.16, -0.19, 0.44)
(0.17, -0.19, 0.37)(0.17, -0.16, 0.41)(0.15, -0.18, 0.39)(0.11, -0.17, 0.41)(0.09, -0.16, 0.42)(0.07, -0.16, 0.43)(0.16, -0.18, 0.39)(0.14, -0.14, 0.43)(0.13, -0.14, 0.46)(0.13, -0.16, 0.47)(0.13, -0.17, 0.46)(0.17, -0.18, 0.39)(0.16, -0.14, 0.43)(0.15, -0.15, 0.47)(0.15, -0.17, 0.47)(0.15, -0.17, 0.45)(0.18, -0.18, 0.39)(0.18, -0.15, 0.44)(0.17, -0.16, 0.47)(0.16, -0.18, 0.46)(0.16, -0.18, 0.45)(0.19, -0.18, 0.39)(0.20, -0.16, 0.44)(0.19, -0.16, 0.46)(0.18, -0.18, 0.46)(0.18, -0.18, 0.45)
(0.13, -0.19, 0.37)(0.13, -0.16, 0.41)(0.11, -0.19, 0.38)(0.07, -0.17, 0.40)(0.05, -0.17, 0.42)(0.03, -0.16, 0.42)(0.12, -0.18, 0.39)(0.10, -0.14, 0.42)(0.08, -0.14, 0.46)(0.09, -0.16, 0.47)(0.09, -0.17, 0.45)(0.13, -0.18, 0.39)(0.12, -0.14, 0.43)(0.11, -0.14, 0.47)(0.10, -0.17, 0.46)(0.10, -0.17, 0.45)(0.14, -0.18, 0.39)(0.14, -0.15, 0.43)(0.13, -0.15, 0.47)(0.12, -0.17, 0.46)(0.12, -0.17, 0.45)(0.15, -0.19, 0.39)(0.15, -0.16, 0.44)(0.15, -0.16, 0.46)(0.14, -0.17, 0.46)(0.13, -0.18, 0.45)
(0.07, -0.20, 0.36)(0.06, -0.17, 0.40)(0.04, -0.20, 0.37)(0.00, -0.18, 0.39)(-0.02, -0.17, 0.40)(-0.04, -0.17, 0.41)(0.05, -0.19, 0.38)(0.02, -0.15, 0.41)(0.01, -0.14, 0.44)(0.01, -0.16, 0.45)(0.02, -0.18, 0.44)(0.06, -0.19, 0.38)(0.05, -0.15, 0.41)(0.03, -0.15, 0.45)(0.03, -0.17, 0.45)(0.03, -0.18, 0.44)(0.07, -0.19, 0.38)(0.06, -0.15, 0.42)(0.05, -0.15, 0.46)(0.05, -0.17, 0.45)(0.04, -0.19, 0.44)(0.08, -0.20, 0.39)(0.08, -0.16, 0.43)(0.07, -0.16, 0.45)(0.07, -0.18, 0.45)(0.06, -0.19, 0.44)
(0.05, -0.21, 0.36)(0.03, -0.18, 0.39)(0.02, -0.21, 0.36)(-0.02, -0.19, 0.38)(-0.05, -0.18, 0.39)(-0.07, -0.18, 0.39)(0.03, -0.20, 0.37)(0.00, -0.16, 0.40)(-0.02, -0.15, 0.43)(-0.02, -0.18, 0.43)(-0.01, -0.19, 0.42)(0.04, -0.20, 0.37)(0.02, -0.16, 0.40)(0.00, -0.15, 0.44)(0.00, -0.18, 0.44)(0.00, -0.19, 0.43)(0.05, -0.20, 0.37)(0.03, -0.16, 0.41)(0.02, -0.16, 0.45)(0.02, -0.18, 0.44)(0.02, -0.19, 0.43)(0.06, -0.20, 0.38)(0.05, -0.17, 0.42)(0.04, -0.17, 0.44)(0.04, -0.18, 0.44)(0.03, -0.19, 0.43)
(0.09, -0.20, 0.36)(0.08, -0.17, 0.39)(0.06, -0.20, 0.37)(0.02, -0.18, 0.38)(-0.01, -0.17, 0.39)(-0.03, -0.17, 0.39)(0.07, -0.19, 0.37)(0.04, -0.15, 0.40)(0.02, -0.15, 0.43)(0.03, -0.17, 0.43)(0.03, -0.18, 0.42)(0.08, -0.19, 0.37)(0.06, -0.15, 0.41)(0.04, -0.15, 0.44)(0.04, -0.18, 0.44)(0.05, -0.18, 0.42)(0.09, -0.19, 0.38)(0.08, -0.15, 0.42)(0.06, -0.15, 0.45)(0.06, -0.18, 0.44)(0.06, -0.18, 0.43)(0.10, -0.19, 0.38)(0.09, -0.16, 0.42)(0.08, -0.16, 0.45)(0.08, -0.18, 0.44)(0.07, -0.18, 0.43)
(0.15, -0.20, 0.36)(0.14, -0.16, 0.40)(0.12, -0.19, 0.37)(0.09, -0.17, 0.39)(0.06, -0.16, 0.40)(0.04, -0.16, 0.41)(0.13, -0.19, 0.38)(0.11, -0.14, 0.41)(0.10, -0.13, 0.44)(0.10, -0.16, 0.44)(0.10, -0.17, 0.43)(0.14, -0.19, 0.38)(0.13, -0.14, 0.41)(0.12, -0.13, 0.45)(0.11, -0.16, 0.45)(0.12, -0.17, 0.44)(0.15, -0.19, 0.38)(0.15, -0.15, 0.42)(0.14, -0.14, 0.45)(0.13, -0.16, 0.45)(0.13, -0.17, 0.44)(0.16, -0.19, 0.38)(0.16, -0.15, 0.42)(0.16, -0.15, 0.45)(0.15, -0.16, 0.45)(0.14, -0.17, 0.44)
(0.17, -0.19, 0.37)(0.16, -0.16, 0.40)(0.14, -0.19, 0.38)(0.11, -0.17, 0.40)(0.08, -0.16, 0.41)(0.07, -0.15, 0.42)(0.15, -0.18, 0.38)(0.13, -0.14, 0.41)(0.12, -0.13, 0.44)(0.13, -0.15, 0.45)(0.13, -0.16, 0.44)(0.16, -0.18, 0.38)(0.15, -0.14, 0.41)(0.15, -0.13, 0.45)(0.14, -0.15, 0.45)(0.14, -0.16, 0.44)(0.17, -0.18, 0.38)(0.17, -0.14, 0.42)(0.17, -0.13, 0.45)(0.16, -0.16, 0.45)(0.16, -0.17, 0.44)(0.18, -0.19, 0.39)(0.19, -0.15, 0.42)(0.19, -0.14, 0.45)(0.18, -0.16, 0.45)(0.17, -0.17, 0.44)
(0.12, -0.20, 0.37)(0.11, -0.16, 0.40)(0.09, -0.19, 0.38)(0.06, -0.17, 0.40)(0.03, -0.16, 0.41)(0.01, -0.16, 0.42)(0.10, -0.19, 0.38)(0.08, -0.14, 0.41)(0.07, -0.12, 0.44)(0.07, -0.14, 0.45)(0.07, -0.16, 0.44)(0.11, -0.19, 0.38)(0.10, -0.14, 0.41)(0.09, -0.13, 0.45)(0.09, -0.15, 0.46)(0.09, -0.16, 0.44)(0.12, -0.19, 0.39)(0.12, -0.14, 0.42)(0.11, -0.13, 0.45)(0.10, -0.15, 0.46)(0.10, -0.16, 0.44)(0.13, -0.19, 0.39)(0.14, -0.15, 0.43)(0.13, -0.14, 0.45)(0.13, -0.15, 0.45)(0.12, -0.16, 0.44)
(0.08, -0.20, 0.37)(0.07, -0.16, 0.39)(0.05, -0.19, 0.37)(0.01, -0.18, 0.38)(-0.02, -0.17, 0.39)(-0.04, -0.16, 0.40)(0.06, -0.19, 0.38)(0.03, -0.14, 0.40)(0.01, -0.13, 0.43)(0.02, -0.15, 0.44)(0.02, -0.16, 0.43)(0.07, -0.19, 0.38)(0.05, -0.14, 0.41)(0.03, -0.12, 0.44)(0.03, -0.15, 0.45)(0.04, -0.16, 0.43)(0.08, -0.18, 0.38)(0.07, -0.14, 0.41)(0.05, -0.13, 0.45)(0.05, -0.15, 0.45)(0.05, -0.16, 0.43)(0.09, -0.19, 0.39)(0.08, -0.14, 0.42)(0.08, -0.13, 0.44)(0.07, -0.15, 0.45)(0.07, -0.16, 0.44)
(0.08, -0.20, 0.37)(0.07, -0.16, 0.39)(0.05, -0.19, 0.37)(0.01, -0.18, 0.38)(-0.02, -0.17, 0.39)(-0.04, -0.16, 0.40)(0.06, -0.19, 0.38)(0.03, -0.14, 0.40)(0.01, -0.13, 0.43)(0.02, -0.15, 0.44)(0.02, -0.16, 0.43)(0.07, -0.19, 0.38)(0.05, -0.14, 0.41)(0.03, -0.12, 0.44)(0.03, -0.15, 0.45)(0.04, -0.16, 0.43)(0.08, -0.18, 0.38)(0.07, -0.14, 0.41)(0.05, -0.13, 0.45)(0.05, -0.15, 0.45)(0.05, -0.16, 0.43)(0.09, -0.19, 0.39)(0.08, -0.14, 0.42)(0.08, -0.13, 0.44)(0.07, -0.15, 0.45)(0.07, -0.16, 0.44)
(0.09, -0.20, 0.36)(0.08, -0.16, 0.39)(0.06, -0.19, 0.37)(0.02, -0.17, 0.38)(-0.01, -0.16, 0.38)(-0.03, -0.16, 0.39)(0.07, -0.19, 0.37)(0.04, -0.14, 0.39)(0.02, -0.13, 0.42)(0.03, -0.15, 0.42)(0.03, -0.17, 0.41)(0.08, -0.19, 0.37)(0.06, -0.14, 0.40)(0.04, -0.13, 0.43)(0.04, -0.15, 0.44)(0.05, -0.16, 0.42)(0.09, -0.18, 0.37)(0.08, -0.14, 0.41)(0.06, -0.13, 0.44)(0.06, -0.15, 0.44)(0.06, -0.16, 0.43)(0.10, -0.19, 0.38)(0.09, -0.14, 0.42)(0.09, -0.13, 0.43)(0.08, -0.15, 0.44)(0.07, -0.16, 0.43)
(0.15, -0.20, 0.36)(0.14, -0.16, 0.39)(0.12, -0.19, 0.37)(0.08, -0.17, 0.39)(0.06, -0.16, 0.40)(0.04, -0.16, 0.41)(0.13, -0.19, 0.37)(0.10, -0.14, 0.40)(0.09, -0.13, 0.43)(0.10, -0.15, 0.44)(0.10, -0.16, 0.43)(0.14, -0.19, 0.38)(0.12, -0.14, 0.41)(0.11, -0.13, 0.45)(0.11, -0.16, 0.45)(0.11, -0.16, 0.43)(0.15, -0.19, 0.38)(0.14, -0.14, 0.41)(0.14, -0.13, 0.45)(0.13, -0.15, 0.45)(0.13, -0.17, 0.43)(0.16, -0.19, 0.38)(0.16, -0.15, 0.42)(0.16, -0.14, 0.44)(0.15, -0.16, 0.45)(0.14, -0.17, 0.44)
(0.17, -0.19, 0.37)(0.16, -0.16, 0.40)(0.14, -0.18, 0.38)(0.11, -0.17, 0.40)(0.08, -0.16, 0.41)(0.06, -0.15, 0.41)(0.15, -0.18, 0.38)(0.13, -0.13, 0.41)(0.12, -0.14, 0.45)(0.12, -0.16, 0.45)(0.13, -0.17, 0.43)(0.16, -0.18, 0.38)(0.15, -0.13, 0.41)(0.14, -0.15, 0.45)(0.14, -0.17, 0.44)(0.14, -0.17, 0.42)(0.17, -0.18, 0.38)(0.17, -0.14, 0.42)(0.16, -0.15, 0.45)(0.15, -0.17, 0.44)(0.15, -0.17, 0.42)(0.18, -0.18, 0.39)(0.18, -0.15, 0.43)(0.18, -0.15, 0.45)(0.17, -0.17, 0.44)(0.17, -0.17, 0.43)
(0.15, -0.18, 0.37)(0.15, -0.14, 0.40)(0.13, -0.17, 0.38)(0.09, -0.16, 0.40)(0.06, -0.15, 0.42)(0.05, -0.14, 0.42)(0.14, -0.17, 0.38)(0.11, -0.12, 0.42)(0.11, -0.13, 0.45)(0.11, -0.15, 0.45)(0.11, -0.16, 0.43)(0.15, -0.17, 0.38)(0.14, -0.12, 0.42)(0.13, -0.14, 0.46)(0.13, -0.16, 0.44)(0.13, -0.16, 0.42)(0.16, -0.17, 0.39)(0.15, -0.13, 0.42)(0.15, -0.15, 0.46)(0.14, -0.16, 0.44)(0.14, -0.16, 0.42)(0.17, -0.17, 0.39)(0.17, -0.14, 0.43)(0.17, -0.15, 0.45)(0.16, -0.16, 0.44)(0.15, -0.16, 0.42)
(0.09, -0.17, 0.37)(0.08, -0.14, 0.41)(0.06, -0.17, 0.39)(0.03, -0.15, 0.40)(0.00, -0.15, 0.42)(-0.02, -0.14, 0.42)(0.07, -0.16, 0.39)(0.05, -0.12, 0.42)(0.04, -0.13, 0.46)(0.04, -0.15, 0.45)(0.05, -0.16, 0.44)(0.08, -0.16, 0.39)(0.07, -0.12, 0.43)(0.06, -0.13, 0.47)(0.06, -0.16, 0.45)(0.06, -0.16, 0.44)(0.09, -0.16, 0.39)(0.09, -0.13, 0.43)(0.08, -0.13, 0.47)(0.08, -0.15, 0.46)(0.07, -0.16, 0.44)(0.10, -0.16, 0.39)(0.10, -0.13, 0.44)(0.10, -0.14, 0.46)(0.09, -0.15, 0.45)(0.09, -0.16, 0.44)
(0.07, -0.18, 0.37)(0.05, -0.15, 0.41)(0.04, -0.18, 0.38)(0.00, -0.17, 0.39)(-0.03, -0.16, 0.40)(-0.05, -0.16, 0.41)(0.05, -0.17, 0.39)(0.01, -0.14, 0.42)(0.00, -0.16, 0.45)(0.01, -0.17, 0.43)(0.02, -0.17, 0.42)(0.06, -0.17, 0.39)(0.03, -0.14, 0.43)(0.02, -0.16, 0.46)(0.03, -0.18, 0.44)(0.03, -0.17, 0.42)(0.07, -0.17, 0.39)(0.05, -0.14, 0.43)(0.04, -0.16, 0.46)(0.04, -0.18, 0.44)(0.04, -0.17, 0.42)(0.07, -0.17, 0.40)(0.07, -0.15, 0.44)(0.06, -0.16, 0.46)(0.06, -0.17, 0.45)(0.05, -0.17, 0.43)

