(-0.02, -0.10, 0.39)(-0.02, -0.07, 0.42)(0.00, -0.09, 0.39)(0.03, -0.07, 0.41)(0.05, -0.06, 0.44)(0.05, -0.05, 0.46)(-0.01, -0.09, 0.40)(0.01, -0.04, 0.43)(0.01, -0.01, 0.46)(0.01, 0.01, 0.48)(0.01, 0.02, 0.49)(-0.02, -0.09, 0.40)(-0.01, -0.05, 0.44)(0.01, -0.05, 0.47)(0.02, -0.07, 0.47)(0.02, -0.08, 0.46)(-0.03, -0.10, 0.40)(-0.03, -0.06, 0.44)(0.00, -0.07, 0.47)(0.00, -0.09, 0.46)(0.00, -0.09, 0.44)(-0.03, -0.10, 0.41)(-0.04, -0.08, 0.45)(-0.02, -0.08, 0.47)(-0.01, -0.09, 0.46)(-0.01, -0.09, 0.44)
(-0.02, -0.11, 0.39)(-0.02, -0.07, 0.43)(0.00, -0.09, 0.40)(0.03, -0.07, 0.42)(0.04, -0.06, 0.45)(0.04, -0.06, 0.47)(-0.01, -0.09, 0.41)(0.00, -0.04, 0.44)(0.01, -0.01, 0.47)(0.01, 0.00, 0.49)(0.01, 0.01, 0.50)(-0.02, -0.10, 0.41)(-0.01, -0.05, 0.44)(0.00, -0.05, 0.48)(0.02, -0.08, 0.48)(0.02, -0.08, 0.46)(-0.03, -0.10, 0.41)(-0.03, -0.06, 0.45)(-0.01, -0.07, 0.48)(0.00, -0.09, 0.47)(0.00, -0.09, 0.45)(-0.03, -0.10, 0.42)(-0.04, -0.08, 0.46)(-0.02, -0.08, 0.48)(-0.01, -0.10, 0.47)(-0.01, -0.10, 0.45)
(-0.02, -0.11, 0.39)(-0.02, -0.08, 0.43)(0.00, -0.10, 0.40)(0.03, -0.08, 0.42)(0.04, -0.07, 0.45)(0.04, -0.06, 0.46)(-0.01, -0.10, 0.40)(0.00, -0.04, 0.43)(0.01, -0.01, 0.47)(0.01, 0.00, 0.49)(0.01, 0.00, 0.50)(-0.02, -0.10, 0.40)(-0.02, -0.05, 0.44)(0.00, -0.06, 0.48)(0.01, -0.08, 0.47)(0.01, -0.09, 0.46)(-0.03, -0.10, 0.41)(-0.03, -0.07, 0.45)(-0.01, -0.08, 0.48)(0.00, -0.09, 0.46)(0.00, -0.10, 0.44)(-0.04, -0.11, 0.41)(-0.04, -0.08, 0.46)(-0.03, -0.09, 0.47)(-0.02, -0.10, 0.46)(-0.01, -0.10, 0.45)
(-0.03, -0.11, 0.37)(-0.03, -0.08, 0.40)(-0.01, -0.10, 0.38)(0.03, -0.08, 0.39)(0.04, -0.07, 0.42)(0.04, -0.07, 0.44)(-0.02, -0.10, 0.38)(0.00, -0.05, 0.41)(0.01, -0.02, 0.44)(0.01, -0.01, 0.46)(0.02, 0.00, 0.48)(-0.02, -0.10, 0.38)(-0.02, -0.06, 0.42)(0.00, -0.06, 0.46)(0.01, -0.08, 0.45)(0.01, -0.09, 0.44)(-0.03, -0.10, 0.39)(-0.03, -0.07, 0.43)(-0.01, -0.08, 0.45)(0.00, -0.10, 0.44)(0.00, -0.10, 0.42)(-0.04, -0.11, 0.39)(-0.04, -0.08, 0.43)(-0.03, -0.09, 0.45)(-0.02, -0.10, 0.44)(-0.02, -0.10, 0.43)
(-0.04, -0.12, 0.32)(-0.03, -0.09, 0.36)(-0.02, -0.11, 0.33)(0.02, -0.09, 0.35)(0.03, -0.08, 0.38)(0.04, -0.07, 0.39)(-0.03, -0.11, 0.34)(-0.01, -0.05, 0.37)(0.00, -0.02, 0.40)(0.01, -0.01, 0.42)(0.01, 0.00, 0.43)(-0.03, -0.11, 0.34)(-0.03, -0.06, 0.37)(0.00, -0.06, 0.41)(0.01, -0.09, 0.41)(0.00, -0.10, 0.39)(-0.04, -0.11, 0.34)(-0.04, -0.07, 0.38)(-0.02, -0.08, 0.41)(-0.01, -0.10, 0.40)(-0.01, -0.11, 0.38)(-0.05, -0.11, 0.35)(-0.05, -0.09, 0.39)(-0.04, -0.09, 0.41)(-0.03, -0.11, 0.40)(-0.03, -0.11, 0.38)
(-0.06, -0.15, 0.22)(-0.05, -0.11, 0.25)(-0.04, -0.14, 0.23)(0.00, -0.12, 0.23)(0.02, -0.10, 0.25)(0.03, -0.09, 0.27)(-0.05, -0.14, 0.23)(-0.03, -0.08, 0.25)(-0.01, -0.05, 0.28)(0.00, -0.03, 0.29)(0.01, -0.03, 0.30)(-0.06, -0.14, 0.24)(-0.04, -0.09, 0.26)(-0.02, -0.08, 0.30)(0.00, -0.11, 0.30)(-0.01, -0.12, 0.29)(-0.07, -0.14, 0.24)(-0.06, -0.10, 0.27)(-0.03, -0.10, 0.30)(-0.02, -0.12, 0.29)(-0.03, -0.13, 0.28)(-0.07, -0.14, 0.25)(-0.07, -0.11, 0.29)(-0.05, -0.11, 0.31)(-0.04, -0.12, 0.30)(-0.04, -0.13, 0.28)
(-0.06, -0.15, 0.22)(-0.05, -0.11, 0.25)(-0.04, -0.14, 0.23)(0.00, -0.12, 0.23)(0.02, -0.10, 0.25)(0.03, -0.09, 0.27)(-0.05, -0.14, 0.23)(-0.03, -0.08, 0.25)(-0.01, -0.05, 0.28)(0.00, -0.03, 0.29)(0.01, -0.03, 0.30)(-0.06, -0.14, 0.24)(-0.04, -0.09, 0.26)(-0.02, -0.08, 0.30)(0.00, -0.11, 0.30)(-0.01, -0.12, 0.29)(-0.07, -0.14, 0.24)(-0.06, -0.10, 0.27)(-0.03, -0.10, 0.30)(-0.02, -0.12, 0.29)(-0.03, -0.13, 0.28)(-0.07, -0.14, 0.25)(-0.07, -0.11, 0.29)(-0.05, -0.11, 0.31)(-0.04, -0.12, 0.30)(-0.04, -0.13, 0.28)
(-0.12, -0.19, 0.16)(-0.11, -0.15, 0.19)(-0.10, -0.18, 0.16)(-0.06, -0.16, 0.17)(-0.03, -0.14, 0.18)(-0.02, -0.14, 0.19)(-0.10, -0.18, 0.17)(-0.08, -0.12, 0.18)(-0.05, -0.10, 0.20)(-0.04, -0.11, 0.22)(-0.03, -0.12, 0.23)(-0.11, -0.18, 0.17)(-0.09, -0.13, 0.19)(-0.06, -0.12, 0.22)(-0.05, -0.15, 0.23)(-0.06, -0.16, 0.22)(-0.12, -0.18, 0.18)(-0.11, -0.14, 0.21)(-0.08, -0.14, 0.23)(-0.07, -0.16, 0.23)(-0.08, -0.17, 0.21)(-0.13, -0.18, 0.19)(-0.12, -0.14, 0.22)(-0.10, -0.14, 0.24)(-0.09, -0.16, 0.23)(-0.09, -0.17, 0.22)
(-0.25, -0.19, 0.21)(-0.25, -0.17, 0.25)(-0.23, -0.19, 0.22)(-0.19, -0.17, 0.25)(-0.17, -0.16, 0.27)(-0.16, -0.15, 0.28)(-0.24, -0.19, 0.23)(-0.22, -0.15, 0.27)(-0.21, -0.16, 0.31)(-0.21, -0.18, 0.30)(-0.22, -0.19, 0.29)(-0.25, -0.19, 0.23)(-0.24, -0.15, 0.27)(-0.23, -0.17, 0.31)(-0.23, -0.19, 0.31)(-0.23, -0.20, 0.29)(-0.26, -0.19, 0.23)(-0.26, -0.16, 0.28)(-0.25, -0.17, 0.31)(-0.24, -0.19, 0.31)(-0.24, -0.20, 0.30)(-0.27, -0.19, 0.23)(-0.28, -0.17, 0.28)(-0.27, -0.18, 0.30)(-0.26, -0.19, 0.30)(-0.26, -0.20, 0.29)
(-0.32, -0.18, 0.27)(-0.33, -0.16, 0.31)(-0.30, -0.18, 0.29)(-0.27, -0.16, 0.32)(-0.26, -0.15, 0.35)(-0.24, -0.14, 0.36)(-0.31, -0.18, 0.29)(-0.30, -0.15, 0.34)(-0.31, -0.17, 0.37)(-0.30, -0.19, 0.35)(-0.30, -0.18, 0.33)(-0.32, -0.18, 0.29)(-0.32, -0.15, 0.33)(-0.32, -0.18, 0.36)(-0.32, -0.19, 0.33)(-0.31, -0.18, 0.32)(-0.33, -0.18, 0.28)(-0.34, -0.16, 0.33)(-0.34, -0.19, 0.35)(-0.33, -0.19, 0.33)(-0.32, -0.18, 0.31)(-0.34, -0.18, 0.28)(-0.36, -0.17, 0.32)(-0.35, -0.19, 0.33)(-0.34, -0.20, 0.32)(-0.33, -0.19, 0.31)
(-0.18, -0.15, 0.28)(-0.19, -0.14, 0.33)(-0.16, -0.15, 0.31)(-0.13, -0.14, 0.34)(-0.12, -0.13, 0.36)(-0.10, -0.12, 0.37)(-0.17, -0.15, 0.31)(-0.16, -0.13, 0.36)(-0.17, -0.16, 0.38)(-0.16, -0.17, 0.36)(-0.16, -0.16, 0.34)(-0.18, -0.15, 0.30)(-0.18, -0.13, 0.35)(-0.18, -0.17, 0.37)(-0.18, -0.17, 0.34)(-0.17, -0.16, 0.33)(-0.19, -0.15, 0.30)(-0.20, -0.14, 0.35)(-0.20, -0.17, 0.36)(-0.19, -0.17, 0.34)(-0.18, -0.16, 0.32)(-0.20, -0.15, 0.30)(-0.22, -0.15, 0.34)(-0.21, -0.17, 0.35)(-0.20, -0.17, 0.33)(-0.19, -0.16, 0.32)
(-0.06, -0.14, 0.21)(-0.05, -0.12, 0.25)(-0.03, -0.14, 0.22)(0.01, -0.13, 0.24)(0.03, -0.12, 0.25)(0.05, -0.11, 0.26)(-0.04, -0.14, 0.23)(-0.01, -0.11, 0.27)(-0.01, -0.14, 0.30)(-0.02, -0.15, 0.28)(-0.02, -0.14, 0.26)(-0.05, -0.14, 0.23)(-0.03, -0.11, 0.27)(-0.03, -0.15, 0.29)(-0.03, -0.15, 0.27)(-0.03, -0.14, 0.26)(-0.06, -0.14, 0.23)(-0.05, -0.12, 0.27)(-0.05, -0.15, 0.29)(-0.04, -0.15, 0.27)(-0.04, -0.14, 0.25)(-0.07, -0.14, 0.23)(-0.07, -0.13, 0.28)(-0.07, -0.15, 0.29)(-0.06, -0.15, 0.27)(-0.06, -0.14, 0.26)
(-0.09, -0.15, 0.20)(-0.08, -0.13, 0.25)(-0.06, -0.15, 0.21)(-0.02, -0.14, 0.22)(0.00, -0.13, 0.23)(0.02, -0.12, 0.23)(-0.07, -0.15, 0.22)(-0.04, -0.12, 0.26)(-0.03, -0.15, 0.28)(-0.04, -0.16, 0.27)(-0.04, -0.16, 0.25)(-0.08, -0.15, 0.22)(-0.06, -0.12, 0.26)(-0.05, -0.15, 0.29)(-0.05, -0.16, 0.27)(-0.06, -0.15, 0.25)(-0.09, -0.15, 0.22)(-0.08, -0.13, 0.27)(-0.07, -0.15, 0.29)(-0.07, -0.16, 0.27)(-0.07, -0.16, 0.26)(-0.10, -0.15, 0.23)(-0.09, -0.14, 0.28)(-0.09, -0.15, 0.29)(-0.08, -0.16, 0.28)(-0.08, -0.16, 0.26)
(-0.26, -0.18, 0.27)(-0.25, -0.17, 0.32)(-0.23, -0.19, 0.29)(-0.20, -0.18, 0.31)(-0.17, -0.18, 0.33)(-0.16, -0.18, 0.34)(-0.24, -0.18, 0.29)(-0.22, -0.17, 0.34)(-0.22, -0.19, 0.37)(-0.23, -0.21, 0.35)(-0.23, -0.20, 0.33)(-0.25, -0.18, 0.29)(-0.24, -0.16, 0.34)(-0.24, -0.20, 0.37)(-0.24, -0.21, 0.34)(-0.24, -0.20, 0.33)(-0.26, -0.18, 0.29)(-0.26, -0.17, 0.34)(-0.26, -0.20, 0.36)(-0.26, -0.20, 0.34)(-0.25, -0.19, 0.32)(-0.27, -0.18, 0.29)(-0.28, -0.17, 0.34)(-0.28, -0.19, 0.35)(-0.27, -0.20, 0.34)(-0.27, -0.20, 0.33)
(-0.31, -0.18, 0.28)(-0.32, -0.18, 0.33)(-0.29, -0.19, 0.31)(-0.26, -0.19, 0.34)(-0.25, -0.19, 0.37)(-0.24, -0.19, 0.38)(-0.30, -0.19, 0.31)(-0.30, -0.18, 0.37)(-0.30, -0.21, 0.38)(-0.30, -0.22, 0.36)(-0.30, -0.21, 0.34)(-0.31, -0.19, 0.30)(-0.32, -0.17, 0.36)(-0.32, -0.21, 0.37)(-0.31, -0.21, 0.34)(-0.31, -0.20, 0.33)(-0.32, -0.18, 0.30)(-0.34, -0.18, 0.35)(-0.34, -0.22, 0.35)(-0.32, -0.21, 0.34)(-0.32, -0.20, 0.33)(-0.33, -0.18, 0.30)(-0.35, -0.19, 0.34)(-0.35, -0.21, 0.34)(-0.34, -0.21, 0.33)(-0.33, -0.20, 0.32)
(-0.14, -0.15, 0.26)(-0.14, -0.15, 0.31)(-0.12, -0.16, 0.28)(-0.09, -0.15, 0.31)(-0.07, -0.15, 0.34)(-0.05, -0.14, 0.34)(-0.13, -0.15, 0.28)(-0.12, -0.14, 0.34)(-0.12, -0.17, 0.36)(-0.12, -0.18, 0.33)(-0.12, -0.17, 0.32)(-0.14, -0.15, 0.28)(-0.14, -0.14, 0.34)(-0.14, -0.18, 0.35)(-0.13, -0.18, 0.32)(-0.13, -0.17, 0.31)(-0.15, -0.15, 0.28)(-0.16, -0.15, 0.33)(-0.15, -0.18, 0.34)(-0.14, -0.18, 0.32)(-0.14, -0.17, 0.31)(-0.16, -0.15, 0.28)(-0.17, -0.16, 0.33)(-0.17, -0.18, 0.33)(-0.16, -0.18, 0.32)(-0.15, -0.17, 0.31)
(-0.02, -0.14, 0.20)(-0.01, -0.13, 0.24)(0.01, -0.15, 0.21)(0.05, -0.14, 0.22)(0.07, -0.13, 0.24)(0.09, -0.13, 0.24)(0.00, -0.14, 0.21)(0.03, -0.13, 0.26)(0.04, -0.16, 0.28)(0.03, -0.16, 0.26)(0.02, -0.16, 0.25)(-0.01, -0.14, 0.22)(0.01, -0.12, 0.26)(0.02, -0.16, 0.28)(0.01, -0.17, 0.25)(0.01, -0.15, 0.24)(-0.02, -0.14, 0.22)(-0.01, -0.13, 0.27)(0.00, -0.16, 0.28)(0.00, -0.17, 0.26)(0.00, -0.15, 0.24)(-0.03, -0.14, 0.22)(-0.03, -0.14, 0.27)(-0.02, -0.16, 0.28)(-0.02, -0.16, 0.26)(-0.01, -0.16, 0.25)
(-0.06, -0.15, 0.20)(-0.04, -0.14, 0.24)(-0.03, -0.15, 0.21)(0.01, -0.15, 0.21)(0.04, -0.14, 0.23)(0.06, -0.14, 0.23)(-0.04, -0.15, 0.21)(0.00, -0.13, 0.25)(0.01, -0.16, 0.27)(0.00, -0.17, 0.26)(-0.01, -0.16, 0.24)(-0.05, -0.15, 0.22)(-0.02, -0.13, 0.26)(-0.01, -0.17, 0.28)(-0.02, -0.17, 0.25)(-0.02, -0.16, 0.24)(-0.06, -0.15, 0.22)(-0.04, -0.14, 0.27)(-0.03, -0.17, 0.28)(-0.03, -0.17, 0.26)(-0.04, -0.16, 0.24)(-0.07, -0.15, 0.22)(-0.06, -0.15, 0.27)(-0.05, -0.17, 0.28)(-0.05, -0.17, 0.26)(-0.05, -0.17, 0.25)
(-0.21, -0.19, 0.26)(-0.20, -0.18, 0.31)(-0.19, -0.19, 0.27)(-0.15, -0.19, 0.29)(-0.12, -0.18, 0.31)(-0.10, -0.18, 0.32)(-0.20, -0.19, 0.28)(-0.17, -0.17, 0.33)(-0.16, -0.20, 0.35)(-0.17, -0.21, 0.33)(-0.17, -0.21, 0.31)(-0.20, -0.19, 0.28)(-0.19, -0.17, 0.33)(-0.18, -0.21, 0.35)(-0.19, -0.21, 0.32)(-0.19, -0.20, 0.30)(-0.22, -0.19, 0.28)(-0.21, -0.18, 0.33)(-0.20, -0.21, 0.34)(-0.20, -0.21, 0.32)(-0.20, -0.20, 0.30)(-0.22, -0.19, 0.28)(-0.22, -0.19, 0.33)(-0.22, -0.21, 0.34)(-0.22, -0.21, 0.32)(-0.21, -0.21, 0.31)
(-0.29, -0.20, 0.29)(-0.30, -0.20, 0.33)(-0.27, -0.21, 0.31)(-0.24, -0.21, 0.34)(-0.23, -0.21, 0.37)(-0.21, -0.22, 0.38)(-0.29, -0.21, 0.31)(-0.27, -0.20, 0.37)(-0.28, -0.23, 0.38)(-0.28, -0.24, 0.36)(-0.28, -0.23, 0.35)(-0.29, -0.20, 0.31)(-0.29, -0.20, 0.36)(-0.30, -0.24, 0.38)(-0.29, -0.24, 0.35)(-0.29, -0.22, 0.34)(-0.30, -0.20, 0.31)(-0.31, -0.20, 0.36)(-0.31, -0.24, 0.36)(-0.30, -0.24, 0.34)(-0.30, -0.22, 0.33)(-0.31, -0.21, 0.30)(-0.33, -0.21, 0.35)(-0.33, -0.23, 0.35)(-0.32, -0.23, 0.34)(-0.31, -0.23, 0.33)
(-0.22, -0.18, 0.28)(-0.23, -0.18, 0.33)(-0.20, -0.19, 0.30)(-0.17, -0.19, 0.33)(-0.16, -0.19, 0.36)(-0.14, -0.19, 0.37)(-0.21, -0.18, 0.30)(-0.20, -0.18, 0.36)(-0.21, -0.21, 0.38)(-0.21, -0.22, 0.35)(-0.20, -0.21, 0.34)(-0.22, -0.18, 0.30)(-0.22, -0.18, 0.36)(-0.23, -0.22, 0.37)(-0.22, -0.22, 0.34)(-0.21, -0.20, 0.33)(-0.23, -0.18, 0.30)(-0.24, -0.18, 0.35)(-0.24, -0.22, 0.36)(-0.23, -0.22, 0.34)(-0.23, -0.20, 0.33)(-0.24, -0.18, 0.29)(-0.26, -0.19, 0.34)(-0.26, -0.21, 0.35)(-0.25, -0.21, 0.33)(-0.24, -0.21, 0.32)
(-0.07, -0.15, 0.22)(-0.06, -0.15, 0.26)(-0.04, -0.16, 0.23)(0.00, -0.16, 0.25)(0.02, -0.15, 0.27)(0.04, -0.15, 0.28)(-0.05, -0.15, 0.23)(-0.02, -0.14, 0.29)(-0.02, -0.17, 0.30)(-0.03, -0.18, 0.28)(-0.03, -0.17, 0.27)(-0.06, -0.15, 0.24)(-0.04, -0.14, 0.29)(-0.04, -0.18, 0.31)(-0.04, -0.18, 0.28)(-0.04, -0.17, 0.27)(-0.07, -0.15, 0.24)(-0.06, -0.14, 0.29)(-0.06, -0.18, 0.30)(-0.06, -0.18, 0.28)(-0.05, -0.17, 0.27)(-0.08, -0.15, 0.24)(-0.08, -0.15, 0.29)(-0.08, -0.17, 0.30)(-0.07, -0.18, 0.28)(-0.07, -0.17, 0.27)
(-0.08, -0.15, 0.20)(-0.06, -0.14, 0.24)(-0.05, -0.16, 0.20)(-0.01, -0.15, 0.21)(0.02, -0.15, 0.23)(0.04, -0.14, 0.23)(-0.06, -0.15, 0.21)(-0.02, -0.14, 0.25)(-0.01, -0.16, 0.27)(-0.03, -0.17, 0.26)(-0.03, -0.17, 0.24)(-0.07, -0.15, 0.21)(-0.04, -0.13, 0.26)(-0.04, -0.17, 0.28)(-0.04, -0.18, 0.25)(-0.05, -0.16, 0.24)(-0.08, -0.15, 0.22)(-0.06, -0.14, 0.26)(-0.06, -0.17, 0.28)(-0.06, -0.17, 0.25)(-0.06, -0.16, 0.24)(-0.09, -0.15, 0.22)(-0.08, -0.15, 0.27)(-0.08, -0.17, 0.28)(-0.07, -0.17, 0.26)(-0.07, -0.17, 0.24)
(-0.21, -0.18, 0.26)(-0.20, -0.17, 0.31)(-0.18, -0.19, 0.27)(-0.14, -0.18, 0.29)(-0.12, -0.18, 0.31)(-0.10, -0.17, 0.32)(-0.19, -0.18, 0.28)(-0.16, -0.17, 0.33)(-0.16, -0.19, 0.35)(-0.17, -0.20, 0.33)(-0.17, -0.20, 0.31)(-0.20, -0.18, 0.28)(-0.18, -0.16, 0.33)(-0.18, -0.20, 0.35)(-0.18, -0.21, 0.32)(-0.18, -0.19, 0.31)(-0.21, -0.18, 0.28)(-0.20, -0.17, 0.33)(-0.20, -0.20, 0.34)(-0.20, -0.20, 0.32)(-0.19, -0.19, 0.31)(-0.22, -0.18, 0.28)(-0.22, -0.18, 0.33)(-0.22, -0.20, 0.34)(-0.21, -0.20, 0.32)(-0.21, -0.20, 0.31)
(-0.26, -0.19, 0.29)(-0.26, -0.20, 0.33)(-0.23, -0.20, 0.31)(-0.20, -0.20, 0.34)(-0.19, -0.20, 0.37)(-0.17, -0.20, 0.38)(-0.25, -0.20, 0.31)(-0.24, -0.20, 0.37)(-0.24, -0.23, 0.38)(-0.24, -0.23, 0.36)(-0.24, -0.22, 0.35)(-0.25, -0.20, 0.31)(-0.26, -0.19, 0.36)(-0.26, -0.23, 0.37)(-0.25, -0.23, 0.35)(-0.25, -0.22, 0.34)(-0.27, -0.20, 0.30)(-0.27, -0.20, 0.35)(-0.27, -0.24, 0.36)(-0.26, -0.23, 0.34)(-0.26, -0.22, 0.33)(-0.27, -0.20, 0.30)(-0.29, -0.21, 0.35)(-0.29, -0.23, 0.35)(-0.28, -0.23, 0.34)(-0.27, -0.22, 0.33)
(-0.16, -0.17, 0.27)(-0.16, -0.17, 0.32)(-0.13, -0.17, 0.29)(-0.10, -0.17, 0.32)(-0.08, -0.17, 0.34)(-0.07, -0.16, 0.35)(-0.15, -0.17, 0.29)(-0.13, -0.17, 0.35)(-0.13, -0.20, 0.36)(-0.13, -0.20, 0.34)(-0.13, -0.19, 0.33)(-0.15, -0.17, 0.29)(-0.15, -0.17, 0.35)(-0.15, -0.21, 0.36)(-0.14, -0.21, 0.33)(-0.14, -0.19, 0.32)(-0.17, -0.17, 0.29)(-0.17, -0.17, 0.34)(-0.17, -0.21, 0.35)(-0.16, -0.21, 0.33)(-0.15, -0.19, 0.32)(-0.17, -0.18, 0.29)(-0.19, -0.19, 0.34)(-0.18, -0.21, 0.34)(-0.17, -0.21, 0.33)(-0.17, -0.20, 0.32)
(-0.04, -0.15, 0.19)(-0.02, -0.14, 0.24)(-0.01, -0.15, 0.20)(0.03, -0.15, 0.22)(0.06, -0.14, 0.23)(0.08, -0.14, 0.24)(-0.02, -0.15, 0.21)(0.02, -0.13, 0.26)(0.03, -0.16, 0.27)(0.01, -0.17, 0.26)(0.01, -0.16, 0.24)(-0.03, -0.15, 0.21)(-0.01, -0.13, 0.26)(0.00, -0.17, 0.28)(0.00, -0.17, 0.25)(0.00, -0.16, 0.24)(-0.04, -0.15, 0.22)(-0.02, -0.14, 0.26)(-0.02, -0.17, 0.28)(-0.02, -0.17, 0.26)(-0.02, -0.16, 0.24)(-0.05, -0.15, 0.22)(-0.04, -0.15, 0.27)(-0.04, -0.17, 0.28)(-0.03, -0.17, 0.26)(-0.03, -0.17, 0.25)
(-0.06, -0.15, 0.20)(-0.04, -0.15, 0.24)(-0.03, -0.16, 0.20)(0.02, -0.15, 0.21)(0.04, -0.14, 0.23)(0.06, -0.14, 0.23)(-0.04, -0.15, 0.21)(0.00, -0.14, 0.25)(0.02, -0.16, 0.27)(0.00, -0.18, 0.25)(0.00, -0.17, 0.24)(-0.04, -0.15, 0.21)(-0.02, -0.14, 0.26)(0.00, -0.17, 0.28)(-0.01, -0.18, 0.25)(-0.02, -0.17, 0.24)(-0.05, -0.15, 0.22)(-0.03, -0.14, 0.26)(-0.02, -0.18, 0.28)(-0.03, -0.18, 0.25)(-0.03, -0.17, 0.24)(-0.06, -0.16, 0.22)(-0.05, -0.16, 0.27)(-0.04, -0.18, 0.28)(-0.04, -0.18, 0.26)(-0.04, -0.17, 0.24)
(-0.21, -0.20, 0.26)(-0.20, -0.19, 0.31)(-0.19, -0.20, 0.28)(-0.15, -0.20, 0.30)(-0.12, -0.20, 0.32)(-0.11, -0.19, 0.33)(-0.20, -0.20, 0.28)(-0.17, -0.19, 0.34)(-0.17, -0.21, 0.36)(-0.17, -0.23, 0.34)(-0.18, -0.22, 0.32)(-0.20, -0.20, 0.28)(-0.19, -0.18, 0.34)(-0.19, -0.22, 0.36)(-0.19, -0.23, 0.33)(-0.19, -0.21, 0.31)(-0.22, -0.20, 0.29)(-0.21, -0.19, 0.34)(-0.21, -0.22, 0.35)(-0.20, -0.22, 0.33)(-0.20, -0.21, 0.31)(-0.22, -0.20, 0.29)(-0.23, -0.20, 0.34)(-0.23, -0.22, 0.34)(-0.22, -0.22, 0.33)(-0.21, -0.22, 0.32)
(-0.28, -0.21, 0.29)(-0.29, -0.21, 0.34)(-0.26, -0.22, 0.31)(-0.23, -0.22, 0.34)(-0.22, -0.22, 0.37)(-0.21, -0.22, 0.38)(-0.27, -0.21, 0.31)(-0.26, -0.21, 0.37)(-0.27, -0.24, 0.38)(-0.27, -0.25, 0.36)(-0.26, -0.24, 0.35)(-0.28, -0.21, 0.31)(-0.29, -0.21, 0.36)(-0.29, -0.25, 0.38)(-0.28, -0.25, 0.35)(-0.27, -0.23, 0.34)(-0.29, -0.21, 0.31)(-0.30, -0.21, 0.36)(-0.30, -0.25, 0.37)(-0.29, -0.25, 0.35)(-0.29, -0.23, 0.34)(-0.30, -0.21, 0.30)(-0.32, -0.22, 0.35)(-0.32, -0.24, 0.36)(-0.31, -0.25, 0.34)(-0.30, -0.24, 0.33)
(-0.21, -0.19, 0.28)(-0.21, -0.20, 0.33)(-0.19, -0.20, 0.30)(-0.16, -0.20, 0.33)(-0.14, -0.20, 0.36)(-0.13, -0.20, 0.37)(-0.20, -0.20, 0.30)(-0.18, -0.20, 0.36)(-0.18, -0.23, 0.38)(-0.19, -0.23, 0.35)(-0.18, -0.22, 0.34)(-0.21, -0.20, 0.30)(-0.21, -0.19, 0.36)(-0.21, -0.23, 0.37)(-0.20, -0.23, 0.34)(-0.20, -0.22, 0.33)(-0.22, -0.20, 0.30)(-0.22, -0.20, 0.35)(-0.22, -0.24, 0.36)(-0.21, -0.23, 0.34)(-0.21, -0.22, 0.33)(-0.23, -0.20, 0.30)(-0.24, -0.21, 0.35)(-0.24, -0.23, 0.35)(-0.23, -0.23, 0.33)(-0.22, -0.22, 0.33)
(-0.06, -0.17, 0.20)(-0.04, -0.16, 0.25)(-0.03, -0.18, 0.21)(0.01, -0.17, 0.23)(0.03, -0.17, 0.25)(0.05, -0.17, 0.26)(-0.04, -0.17, 0.22)(-0.01, -0.16, 0.27)(0.00, -0.19, 0.29)(-0.01, -0.20, 0.27)(-0.01, -0.19, 0.25)(-0.05, -0.17, 0.22)(-0.03, -0.16, 0.27)(-0.02, -0.19, 0.29)(-0.03, -0.20, 0.26)(-0.03, -0.19, 0.25)(-0.06, -0.17, 0.22)(-0.05, -0.16, 0.27)(-0.04, -0.20, 0.29)(-0.04, -0.20, 0.26)(-0.04, -0.19, 0.25)(-0.07, -0.17, 0.23)(-0.07, -0.17, 0.28)(-0.06, -0.19, 0.28)(-0.06, -0.20, 0.26)(-0.05, -0.19, 0.25)
(-0.06, -0.17, 0.19)(-0.04, -0.16, 0.23)(-0.03, -0.17, 0.20)(0.01, -0.17, 0.21)(0.04, -0.16, 0.22)(0.06, -0.16, 0.22)(-0.04, -0.17, 0.20)(0.00, -0.15, 0.24)(0.01, -0.18, 0.26)(-0.01, -0.19, 0.25)(-0.01, -0.18, 0.23)(-0.05, -0.17, 0.21)(-0.02, -0.15, 0.25)(-0.01, -0.19, 0.27)(-0.02, -0.19, 0.24)(-0.02, -0.18, 0.23)(-0.06, -0.17, 0.21)(-0.04, -0.16, 0.26)(-0.03, -0.19, 0.27)(-0.03, -0.19, 0.25)(-0.04, -0.18, 0.23)(-0.07, -0.17, 0.21)(-0.06, -0.17, 0.26)(-0.05, -0.19, 0.27)(-0.05, -0.19, 0.25)(-0.05, -0.18, 0.24)
(-0.20, -0.19, 0.26)(-0.19, -0.19, 0.31)(-0.18, -0.20, 0.28)(-0.14, -0.21, 0.30)(-0.12, -0.21, 0.32)(-0.10, -0.20, 0.33)(-0.19, -0.20, 0.28)(-0.16, -0.19, 0.33)(-0.16, -0.22, 0.35)(-0.17, -0.23, 0.33)(-0.17, -0.22, 0.32)(-0.19, -0.20, 0.28)(-0.18, -0.18, 0.33)(-0.18, -0.22, 0.35)(-0.18, -0.23, 0.32)(-0.18, -0.21, 0.31)(-0.21, -0.19, 0.28)(-0.20, -0.19, 0.33)(-0.20, -0.22, 0.35)(-0.20, -0.22, 0.32)(-0.19, -0.21, 0.31)(-0.21, -0.19, 0.28)(-0.22, -0.19, 0.33)(-0.22, -0.21, 0.34)(-0.21, -0.22, 0.32)(-0.20, -0.21, 0.31)
(-0.27, -0.21, 0.27)(-0.27, -0.21, 0.32)(-0.25, -0.22, 0.29)(-0.21, -0.22, 0.32)(-0.20, -0.23, 0.35)(-0.18, -0.23, 0.36)(-0.26, -0.21, 0.29)(-0.24, -0.21, 0.35)(-0.25, -0.24, 0.37)(-0.25, -0.25, 0.34)(-0.25, -0.24, 0.33)(-0.26, -0.21, 0.29)(-0.26, -0.21, 0.35)(-0.27, -0.25, 0.36)(-0.26, -0.25, 0.33)(-0.26, -0.23, 0.32)(-0.28, -0.21, 0.29)(-0.28, -0.21, 0.34)(-0.29, -0.25, 0.35)(-0.28, -0.24, 0.33)(-0.27, -0.23, 0.32)(-0.28, -0.21, 0.29)(-0.30, -0.22, 0.34)(-0.30, -0.24, 0.34)(-0.29, -0.24, 0.33)(-0.28, -0.23, 0.32)
(-0.18, -0.17, 0.26)(-0.18, -0.17, 0.31)(-0.16, -0.18, 0.28)(-0.12, -0.18, 0.31)(-0.11, -0.18, 0.33)(-0.09, -0.18, 0.34)(-0.17, -0.18, 0.28)(-0.15, -0.17, 0.34)(-0.15, -0.21, 0.35)(-0.15, -0.21, 0.33)(-0.15, -0.20, 0.32)(-0.17, -0.17, 0.28)(-0.17, -0.17, 0.34)(-0.17, -0.21, 0.35)(-0.17, -0.21, 0.32)(-0.16, -0.19, 0.31)(-0.19, -0.17, 0.28)(-0.19, -0.17, 0.33)(-0.19, -0.21, 0.34)(-0.18, -0.21, 0.32)(-0.18, -0.19, 0.31)(-0.20, -0.17, 0.28)(-0.21, -0.18, 0.33)(-0.21, -0.20, 0.33)(-0.20, -0.21, 0.32)(-0.19, -0.20, 0.31)
(-0.04, -0.16, 0.20)(-0.03, -0.15, 0.25)(-0.02, -0.16, 0.22)(0.02, -0.16, 0.23)(0.05, -0.16, 0.25)(0.06, -0.16, 0.26)(-0.03, -0.16, 0.22)(0.01, -0.15, 0.27)(0.01, -0.18, 0.29)(0.00, -0.19, 0.27)(0.00, -0.18, 0.25)(-0.04, -0.16, 0.22)(-0.02, -0.15, 0.27)(-0.01, -0.18, 0.29)(-0.02, -0.19, 0.26)(-0.02, -0.17, 0.25)(-0.05, -0.16, 0.23)(-0.03, -0.15, 0.27)(-0.03, -0.19, 0.29)(-0.03, -0.19, 0.26)(-0.03, -0.17, 0.25)(-0.06, -0.16, 0.23)(-0.05, -0.16, 0.28)(-0.05, -0.18, 0.28)(-0.05, -0.18, 0.27)(-0.04, -0.18, 0.26)
(-0.05, -0.16, 0.20)(-0.03, -0.15, 0.24)(-0.02, -0.17, 0.21)(0.02, -0.16, 0.22)(0.05, -0.16, 0.23)(0.07, -0.16, 0.23)(-0.03, -0.16, 0.21)(0.01, -0.15, 0.26)(0.01, -0.18, 0.27)(0.00, -0.19, 0.26)(0.00, -0.18, 0.24)(-0.04, -0.16, 0.22)(-0.01, -0.15, 0.26)(-0.01, -0.19, 0.28)(-0.02, -0.19, 0.25)(-0.02, -0.18, 0.24)(-0.05, -0.16, 0.22)(-0.03, -0.15, 0.27)(-0.03, -0.19, 0.28)(-0.03, -0.19, 0.26)(-0.03, -0.17, 0.24)(-0.06, -0.16, 0.22)(-0.05, -0.16, 0.27)(-0.05, -0.18, 0.28)(-0.04, -0.19, 0.26)(-0.04, -0.18, 0.25)
(-0.19, -0.20, 0.27)(-0.19, -0.20, 0.31)(-0.17, -0.21, 0.28)(-0.13, -0.21, 0.30)(-0.11, -0.21, 0.33)(-0.09, -0.20, 0.33)(-0.18, -0.20, 0.28)(-0.15, -0.20, 0.34)(-0.15, -0.23, 0.36)(-0.16, -0.24, 0.33)(-0.16, -0.22, 0.32)(-0.19, -0.20, 0.28)(-0.18, -0.19, 0.34)(-0.18, -0.23, 0.35)(-0.18, -0.23, 0.32)(-0.17, -0.22, 0.32)(-0.20, -0.20, 0.29)(-0.20, -0.20, 0.34)(-0.20, -0.24, 0.35)(-0.19, -0.23, 0.33)(-0.19, -0.22, 0.31)(-0.21, -0.20, 0.29)(-0.21, -0.21, 0.34)(-0.21, -0.23, 0.34)(-0.21, -0.23, 0.33)(-0.20, -0.22, 0.32)
(-0.19, -0.20, 0.27)(-0.19, -0.20, 0.31)(-0.17, -0.21, 0.28)(-0.13, -0.21, 0.30)(-0.11, -0.21, 0.33)(-0.09, -0.20, 0.33)(-0.18, -0.20, 0.28)(-0.15, -0.20, 0.34)(-0.15, -0.23, 0.36)(-0.16, -0.24, 0.33)(-0.16, -0.22, 0.32)(-0.19, -0.20, 0.28)(-0.18, -0.19, 0.34)(-0.18, -0.23, 0.35)(-0.18, -0.23, 0.32)(-0.17, -0.22, 0.32)(-0.20, -0.20, 0.29)(-0.20, -0.20, 0.34)(-0.20, -0.24, 0.35)(-0.19, -0.23, 0.33)(-0.19, -0.22, 0.31)(-0.21, -0.20, 0.29)(-0.21, -0.21, 0.34)(-0.21, -0.23, 0.34)(-0.21, -0.23, 0.33)(-0.20, -0.22, 0.32)
(-0.24, -0.20, 0.28)(-0.25, -0.20, 0.33)(-0.23, -0.21, 0.30)(-0.20, -0.22, 0.33)(-0.18, -0.23, 0.36)(-0.16, -0.23, 0.37)(-0.24, -0.21, 0.30)(-0.22, -0.21, 0.36)(-0.23, -0.25, 0.37)(-0.23, -0.25, 0.35)(-0.23, -0.23, 0.34)(-0.24, -0.20, 0.30)(-0.24, -0.21, 0.36)(-0.25, -0.25, 0.36)(-0.25, -0.24, 0.34)(-0.24, -0.23, 0.33)(-0.25, -0.20, 0.30)(-0.26, -0.21, 0.35)(-0.27, -0.24, 0.35)(-0.26, -0.24, 0.33)(-0.25, -0.23, 0.33)(-0.26, -0.20, 0.30)(-0.28, -0.21, 0.34)(-0.29, -0.23, 0.35)(-0.28, -0.24, 0.33)(-0.26, -0.23, 0.33)
(-0.07, -0.17, 0.21)(-0.06, -0.17, 0.26)(-0.04, -0.18, 0.23)(0.00, -0.18, 0.25)(0.02, -0.18, 0.27)(0.04, -0.18, 0.28)(-0.05, -0.17, 0.23)(-0.02, -0.17, 0.28)(-0.02, -0.20, 0.30)(-0.03, -0.20, 0.28)(-0.03, -0.19, 0.26)(-0.06, -0.17, 0.23)(-0.04, -0.16, 0.28)(-0.04, -0.20, 0.30)(-0.05, -0.20, 0.27)(-0.04, -0.19, 0.26)(-0.07, -0.17, 0.23)(-0.06, -0.17, 0.28)(-0.06, -0.20, 0.29)(-0.06, -0.20, 0.27)(-0.06, -0.19, 0.26)(-0.08, -0.17, 0.24)(-0.08, -0.17, 0.28)(-0.08, -0.20, 0.29)(-0.07, -0.20, 0.27)(-0.07, -0.19, 0.26)
(-0.04, -0.17, 0.17)(-0.02, -0.16, 0.22)(-0.01, -0.17, 0.18)(0.03, -0.17, 0.19)(0.06, -0.17, 0.20)(0.08, -0.17, 0.21)(-0.02, -0.17, 0.19)(0.02, -0.16, 0.23)(0.02, -0.19, 0.24)(0.01, -0.20, 0.22)(0.01, -0.19, 0.21)(-0.03, -0.17, 0.19)(0.00, -0.16, 0.23)(0.00, -0.19, 0.25)(-0.01, -0.20, 0.22)(-0.01, -0.18, 0.21)(-0.04, -0.17, 0.19)(-0.02, -0.16, 0.24)(-0.02, -0.20, 0.25)(-0.02, -0.19, 0.23)(-0.02, -0.18, 0.21)(-0.05, -0.17, 0.20)(-0.04, -0.17, 0.24)(-0.04, -0.19, 0.25)(-0.03, -0.19, 0.23)(-0.03, -0.19, 0.22)
(-0.16, -0.19, 0.25)(-0.15, -0.19, 0.30)(-0.13, -0.20, 0.26)(-0.09, -0.20, 0.28)(-0.07, -0.20, 0.29)(-0.05, -0.20, 0.30)(-0.14, -0.20, 0.27)(-0.11, -0.19, 0.31)(-0.10, -0.22, 0.33)(-0.12, -0.23, 0.31)(-0.12, -0.22, 0.30)(-0.15, -0.20, 0.27)(-0.13, -0.19, 0.32)(-0.13, -0.23, 0.34)(-0.13, -0.23, 0.31)(-0.13, -0.21, 0.30)(-0.16, -0.19, 0.27)(-0.15, -0.19, 0.32)(-0.15, -0.23, 0.34)(-0.15, -0.23, 0.31)(-0.14, -0.21, 0.30)(-0.17, -0.20, 0.27)(-0.17, -0.20, 0.33)(-0.17, -0.22, 0.34)(-0.16, -0.22, 0.32)(-0.16, -0.22, 0.31)
(-0.25, -0.22, 0.29)(-0.25, -0.23, 0.34)(-0.22, -0.23, 0.31)(-0.19, -0.24, 0.34)(-0.17, -0.25, 0.36)(-0.16, -0.25, 0.37)(-0.23, -0.23, 0.31)(-0.21, -0.23, 0.37)(-0.22, -0.26, 0.38)(-0.22, -0.27, 0.36)(-0.22, -0.26, 0.35)(-0.24, -0.23, 0.31)(-0.23, -0.23, 0.37)(-0.24, -0.27, 0.38)(-0.23, -0.27, 0.35)(-0.23, -0.25, 0.34)(-0.25, -0.22, 0.31)(-0.25, -0.23, 0.36)(-0.26, -0.27, 0.37)(-0.25, -0.27, 0.35)(-0.24, -0.25, 0.34)(-0.26, -0.23, 0.31)(-0.27, -0.24, 0.36)(-0.28, -0.26, 0.37)(-0.27, -0.26, 0.35)(-0.26, -0.25, 0.34)
(-0.19, -0.20, 0.28)(-0.19, -0.20, 0.33)(-0.17, -0.21, 0.30)(-0.13, -0.21, 0.33)(-0.12, -0.22, 0.35)(-0.10, -0.22, 0.36)(-0.18, -0.20, 0.30)(-0.16, -0.21, 0.36)(-0.16, -0.24, 0.37)(-0.16, -0.24, 0.35)(-0.16, -0.23, 0.33)(-0.18, -0.20, 0.30)(-0.18, -0.21, 0.35)(-0.18, -0.25, 0.36)(-0.18, -0.24, 0.33)(-0.17, -0.23, 0.33)(-0.20, -0.20, 0.30)(-0.20, -0.21, 0.35)(-0.20, -0.25, 0.35)(-0.19, -0.24, 0.33)(-0.19, -0.23, 0.32)(-0.20, -0.20, 0.29)(-0.22, -0.22, 0.34)(-0.22, -0.24, 0.34)(-0.21, -0.24, 0.33)(-0.20, -0.23, 0.32)
(-0.05, -0.17, 0.20)(-0.03, -0.17, 0.25)(-0.02, -0.18, 0.21)(0.02, -0.18, 0.23)(0.04, -0.18, 0.26)(0.06, -0.18, 0.26)(-0.03, -0.17, 0.22)(0.00, -0.17, 0.27)(0.00, -0.20, 0.28)(0.00, -0.20, 0.26)(-0.01, -0.19, 0.25)(-0.04, -0.17, 0.22)(-0.02, -0.16, 0.27)(-0.02, -0.20, 0.28)(-0.02, -0.20, 0.25)(-0.02, -0.19, 0.24)(-0.05, -0.17, 0.22)(-0.04, -0.17, 0.27)(-0.04, -0.20, 0.28)(-0.03, -0.20, 0.26)(-0.03, -0.19, 0.24)(-0.06, -0.17, 0.23)(-0.06, -0.17, 0.27)(-0.05, -0.20, 0.27)(-0.05, -0.20, 0.26)(-0.04, -0.19, 0.25)
(-0.05, -0.16, 0.18)(-0.02, -0.16, 0.22)(-0.02, -0.17, 0.19)(0.03, -0.17, 0.20)(0.05, -0.17, 0.21)(0.07, -0.17, 0.21)(-0.03, -0.17, 0.19)(0.02, -0.16, 0.23)(0.02, -0.19, 0.25)(0.01, -0.19, 0.23)(0.00, -0.18, 0.22)(-0.03, -0.16, 0.20)(0.00, -0.15, 0.24)(0.00, -0.19, 0.25)(-0.01, -0.19, 0.23)(-0.01, -0.18, 0.22)(-0.04, -0.16, 0.20)(-0.02, -0.16, 0.25)(-0.02, -0.19, 0.26)(-0.02, -0.19, 0.23)(-0.02, -0.18, 0.22)(-0.05, -0.16, 0.20)(-0.04, -0.17, 0.25)(-0.04, -0.19, 0.26)(-0.04, -0.19, 0.24)(-0.03, -0.18, 0.23)
(-0.17, -0.19, 0.26)(-0.16, -0.19, 0.31)(-0.15, -0.20, 0.27)(-0.11, -0.21, 0.29)(-0.08, -0.20, 0.30)(-0.06, -0.20, 0.31)(-0.16, -0.20, 0.28)(-0.12, -0.19, 0.32)(-0.12, -0.22, 0.34)(-0.13, -0.23, 0.32)(-0.13, -0.22, 0.31)(-0.17, -0.20, 0.28)(-0.14, -0.19, 0.33)(-0.14, -0.23, 0.35)(-0.15, -0.23, 0.32)(-0.15, -0.22, 0.31)(-0.18, -0.20, 0.28)(-0.16, -0.19, 0.33)(-0.16, -0.23, 0.35)(-0.16, -0.23, 0.32)(-0.16, -0.22, 0.31)(-0.19, -0.20, 0.28)(-0.18, -0.20, 0.33)(-0.18, -0.22, 0.34)(-0.18, -0.23, 0.33)(-0.17, -0.22, 0.31)
(-0.26, -0.21, 0.29)(-0.26, -0.22, 0.34)(-0.24, -0.23, 0.31)(-0.21, -0.24, 0.34)(-0.19, -0.24, 0.36)(-0.17, -0.25, 0.37)(-0.25, -0.22, 0.31)(-0.23, -0.23, 0.37)(-0.24, -0.26, 0.38)(-0.24, -0.27, 0.36)(-0.24, -0.25, 0.35)(-0.26, -0.22, 0.31)(-0.25, -0.22, 0.36)(-0.26, -0.26, 0.37)(-0.26, -0.26, 0.35)(-0.25, -0.25, 0.34)(-0.27, -0.22, 0.31)(-0.27, -0.22, 0.36)(-0.28, -0.26, 0.37)(-0.27, -0.26, 0.35)(-0.26, -0.25, 0.34)(-0.28, -0.22, 0.30)(-0.29, -0.23, 0.35)(-0.30, -0.25, 0.36)(-0.29, -0.25, 0.34)(-0.28, -0.25, 0.34)
(-0.17, -0.18, 0.26)(-0.17, -0.19, 0.31)(-0.15, -0.20, 0.27)(-0.11, -0.20, 0.30)(-0.10, -0.21, 0.33)(-0.08, -0.20, 0.34)(-0.16, -0.19, 0.28)(-0.14, -0.19, 0.33)(-0.14, -0.23, 0.35)(-0.15, -0.23, 0.33)(-0.15, -0.22, 0.31)(-0.17, -0.19, 0.28)(-0.16, -0.19, 0.33)(-0.17, -0.23, 0.34)(-0.16, -0.23, 0.31)(-0.16, -0.21, 0.31)(-0.18, -0.19, 0.28)(-0.18, -0.19, 0.33)(-0.18, -0.23, 0.33)(-0.18, -0.23, 0.31)(-0.17, -0.21, 0.30)(-0.19, -0.19, 0.27)(-0.20, -0.20, 0.32)(-0.20, -0.22, 0.33)(-0.19, -0.22, 0.31)(-0.18, -0.21, 0.30)
(-0.06, -0.16, 0.18)(-0.05, -0.16, 0.22)(-0.03, -0.17, 0.19)(0.01, -0.17, 0.20)(0.03, -0.17, 0.22)(0.05, -0.16, 0.23)(-0.04, -0.17, 0.20)(-0.01, -0.15, 0.24)(0.00, -0.19, 0.26)(-0.01, -0.19, 0.24)(-0.02, -0.18, 0.22)(-0.05, -0.16, 0.20)(-0.03, -0.15, 0.24)(-0.03, -0.19, 0.26)(-0.03, -0.19, 0.23)(-0.03, -0.18, 0.22)(-0.06, -0.16, 0.20)(-0.05, -0.15, 0.25)(-0.04, -0.19, 0.26)(-0.04, -0.19, 0.23)(-0.04, -0.18, 0.22)(-0.07, -0.16, 0.20)(-0.07, -0.16, 0.25)(-0.06, -0.19, 0.26)(-0.06, -0.19, 0.24)(-0.05, -0.18, 0.23)
(-0.08, -0.17, 0.19)(-0.06, -0.17, 0.23)(-0.06, -0.18, 0.20)(-0.01, -0.18, 0.21)(0.01, -0.18, 0.22)(0.03, -0.17, 0.22)(-0.07, -0.18, 0.20)(-0.02, -0.17, 0.25)(-0.02, -0.20, 0.26)(-0.03, -0.20, 0.24)(-0.04, -0.20, 0.23)(-0.07, -0.18, 0.21)(-0.04, -0.16, 0.25)(-0.04, -0.20, 0.27)(-0.05, -0.20, 0.24)(-0.05, -0.19, 0.23)(-0.08, -0.18, 0.21)(-0.06, -0.17, 0.26)(-0.06, -0.21, 0.27)(-0.06, -0.20, 0.25)(-0.06, -0.19, 0.23)(-0.09, -0.18, 0.21)(-0.08, -0.18, 0.26)(-0.08, -0.20, 0.27)(-0.08, -0.20, 0.25)(-0.07, -0.20, 0.24)
(-0.21, -0.21, 0.27)(-0.20, -0.22, 0.32)(-0.18, -0.23, 0.28)(-0.15, -0.23, 0.30)(-0.13, -0.24, 0.32)(-0.11, -0.24, 0.33)(-0.19, -0.22, 0.28)(-0.17, -0.22, 0.34)(-0.17, -0.25, 0.36)(-0.18, -0.26, 0.33)(-0.18, -0.25, 0.32)(-0.20, -0.22, 0.29)(-0.19, -0.22, 0.34)(-0.19, -0.25, 0.36)(-0.19, -0.26, 0.33)(-0.19, -0.24, 0.32)(-0.21, -0.22, 0.29)(-0.21, -0.22, 0.34)(-0.21, -0.25, 0.35)(-0.21, -0.25, 0.33)(-0.20, -0.24, 0.32)(-0.22, -0.22, 0.29)(-0.23, -0.22, 0.34)(-0.23, -0.24, 0.35)(-0.23, -0.25, 0.33)(-0.22, -0.24, 0.32)
(-0.28, -0.23, 0.28)(-0.28, -0.24, 0.33)(-0.26, -0.25, 0.30)(-0.23, -0.26, 0.33)(-0.21, -0.27, 0.36)(-0.20, -0.27, 0.37)(-0.27, -0.24, 0.30)(-0.26, -0.25, 0.36)(-0.26, -0.29, 0.37)(-0.26, -0.29, 0.35)(-0.26, -0.27, 0.34)(-0.28, -0.24, 0.30)(-0.28, -0.25, 0.36)(-0.28, -0.29, 0.37)(-0.28, -0.28, 0.34)(-0.27, -0.27, 0.33)(-0.29, -0.24, 0.30)(-0.30, -0.25, 0.35)(-0.30, -0.28, 0.36)(-0.29, -0.28, 0.34)(-0.28, -0.27, 0.33)(-0.30, -0.24, 0.30)(-0.31, -0.25, 0.34)(-0.32, -0.27, 0.35)(-0.31, -0.28, 0.33)(-0.30, -0.27, 0.33)
(-0.22, -0.21, 0.28)(-0.22, -0.22, 0.33)(-0.20, -0.23, 0.30)(-0.17, -0.23, 0.33)(-0.15, -0.24, 0.36)(-0.14, -0.24, 0.37)(-0.21, -0.22, 0.30)(-0.20, -0.23, 0.36)(-0.20, -0.27, 0.37)(-0.20, -0.27, 0.35)(-0.20, -0.25, 0.34)(-0.22, -0.22, 0.30)(-0.22, -0.23, 0.36)(-0.22, -0.27, 0.36)(-0.21, -0.26, 0.33)(-0.21, -0.25, 0.33)(-0.23, -0.22, 0.30)(-0.23, -0.23, 0.35)(-0.24, -0.27, 0.35)(-0.23, -0.26, 0.33)(-0.22, -0.25, 0.32)(-0.24, -0.22, 0.30)(-0.25, -0.24, 0.34)(-0.25, -0.26, 0.34)(-0.24, -0.26, 0.33)(-0.23, -0.25, 0.32)
(-0.05, -0.17, 0.21)(-0.04, -0.17, 0.26)(-0.02, -0.18, 0.22)(0.02, -0.18, 0.24)(0.04, -0.18, 0.26)(0.06, -0.18, 0.26)(-0.03, -0.17, 0.22)(0.00, -0.17, 0.27)(0.00, -0.20, 0.29)(-0.01, -0.20, 0.27)(-0.01, -0.19, 0.25)(-0.04, -0.17, 0.23)(-0.02, -0.16, 0.28)(-0.02, -0.20, 0.29)(-0.02, -0.20, 0.26)(-0.02, -0.19, 0.25)(-0.05, -0.17, 0.23)(-0.04, -0.17, 0.28)(-0.04, -0.20, 0.28)(-0.04, -0.20, 0.26)(-0.03, -0.19, 0.25)(-0.06, -0.17, 0.23)(-0.06, -0.18, 0.28)(-0.06, -0.20, 0.28)(-0.05, -0.20, 0.26)(-0.04, -0.19, 0.25)
(-0.05, -0.16, 0.18)(-0.02, -0.15, 0.22)(-0.02, -0.16, 0.19)(0.03, -0.16, 0.19)(0.05, -0.16, 0.21)(0.07, -0.16, 0.21)(-0.03, -0.16, 0.19)(0.02, -0.15, 0.23)(0.02, -0.18, 0.25)(0.01, -0.19, 0.23)(0.00, -0.18, 0.22)(-0.03, -0.16, 0.20)(0.00, -0.15, 0.24)(0.00, -0.19, 0.25)(-0.01, -0.19, 0.23)(-0.01, -0.17, 0.22)(-0.04, -0.16, 0.20)(-0.02, -0.15, 0.25)(-0.02, -0.19, 0.25)(-0.02, -0.19, 0.23)(-0.02, -0.17, 0.22)(-0.05, -0.16, 0.21)(-0.04, -0.16, 0.25)(-0.03, -0.18, 0.26)(-0.03, -0.19, 0.24)(-0.03, -0.18, 0.23)
(-0.19, -0.20, 0.26)(-0.19, -0.20, 0.31)(-0.17, -0.21, 0.28)(-0.13, -0.22, 0.30)(-0.11, -0.22, 0.32)(-0.09, -0.22, 0.33)(-0.18, -0.21, 0.28)(-0.15, -0.21, 0.34)(-0.15, -0.24, 0.35)(-0.16, -0.24, 0.33)(-0.16, -0.23, 0.32)(-0.19, -0.21, 0.28)(-0.17, -0.20, 0.34)(-0.17, -0.24, 0.35)(-0.17, -0.24, 0.32)(-0.17, -0.23, 0.31)(-0.20, -0.20, 0.28)(-0.19, -0.21, 0.34)(-0.19, -0.24, 0.35)(-0.19, -0.24, 0.33)(-0.18, -0.23, 0.31)(-0.21, -0.21, 0.29)(-0.21, -0.21, 0.34)(-0.21, -0.23, 0.35)(-0.20, -0.24, 0.33)(-0.20, -0.23, 0.32)
(-0.30, -0.24, 0.29)(-0.31, -0.25, 0.33)(-0.28, -0.26, 0.31)(-0.25, -0.27, 0.34)(-0.23, -0.28, 0.36)(-0.22, -0.28, 0.37)(-0.29, -0.25, 0.31)(-0.28, -0.26, 0.37)(-0.28, -0.30, 0.38)(-0.29, -0.30, 0.35)(-0.28, -0.28, 0.34)(-0.30, -0.25, 0.31)(-0.30, -0.26, 0.36)(-0.31, -0.30, 0.37)(-0.30, -0.29, 0.34)(-0.29, -0.28, 0.33)(-0.31, -0.25, 0.30)(-0.32, -0.26, 0.36)(-0.32, -0.29, 0.36)(-0.31, -0.29, 0.34)(-0.31, -0.28, 0.33)(-0.32, -0.25, 0.30)(-0.34, -0.26, 0.35)(-0.34, -0.28, 0.35)(-0.33, -0.29, 0.34)(-0.32, -0.28, 0.33)
(-0.23, -0.21, 0.28)(-0.24, -0.22, 0.32)(-0.21, -0.22, 0.30)(-0.18, -0.23, 0.33)(-0.17, -0.24, 0.36)(-0.15, -0.24, 0.37)(-0.22, -0.22, 0.30)(-0.21, -0.23, 0.36)(-0.22, -0.26, 0.37)(-0.22, -0.26, 0.34)(-0.21, -0.25, 0.33)(-0.23, -0.22, 0.30)(-0.23, -0.22, 0.35)(-0.24, -0.26, 0.36)(-0.23, -0.26, 0.33)(-0.22, -0.24, 0.32)(-0.24, -0.22, 0.29)(-0.25, -0.23, 0.34)(-0.25, -0.26, 0.35)(-0.24, -0.26, 0.33)(-0.24, -0.24, 0.32)(-0.25, -0.22, 0.29)(-0.27, -0.23, 0.34)(-0.27, -0.26, 0.34)(-0.26, -0.26, 0.32)(-0.25, -0.25, 0.32)
(-0.06, -0.17, 0.22)(-0.05, -0.17, 0.27)(-0.03, -0.18, 0.23)(0.01, -0.18, 0.26)(0.03, -0.18, 0.28)(0.04, -0.19, 0.29)(-0.04, -0.18, 0.24)(-0.01, -0.17, 0.29)(-0.01, -0.20, 0.31)(-0.02, -0.21, 0.29)(-0.02, -0.20, 0.27)(-0.05, -0.17, 0.24)(-0.03, -0.17, 0.29)(-0.03, -0.21, 0.31)(-0.04, -0.21, 0.28)(-0.04, -0.19, 0.27)(-0.06, -0.17, 0.24)(-0.05, -0.17, 0.29)(-0.05, -0.21, 0.30)(-0.05, -0.21, 0.28)(-0.05, -0.19, 0.27)(-0.07, -0.17, 0.24)(-0.07, -0.18, 0.29)(-0.07, -0.20, 0.30)(-0.07, -0.20, 0.28)(-0.06, -0.20, 0.27)
(-0.04, -0.16, 0.17)(-0.01, -0.16, 0.21)(-0.01, -0.17, 0.17)(0.04, -0.16, 0.18)(0.07, -0.16, 0.19)(0.08, -0.16, 0.20)(-0.01, -0.16, 0.18)(0.03, -0.15, 0.22)(0.04, -0.18, 0.23)(0.02, -0.19, 0.22)(0.02, -0.18, 0.21)(-0.02, -0.16, 0.19)(0.01, -0.15, 0.23)(0.02, -0.19, 0.24)(0.01, -0.19, 0.21)(0.00, -0.18, 0.20)(-0.03, -0.16, 0.19)(-0.01, -0.16, 0.24)(0.00, -0.19, 0.24)(-0.01, -0.19, 0.22)(-0.01, -0.18, 0.21)(-0.04, -0.16, 0.19)(-0.03, -0.17, 0.24)(-0.02, -0.19, 0.25)(-0.02, -0.19, 0.23)(-0.02, -0.18, 0.21)
(-0.17, -0.19, 0.26)(-0.15, -0.19, 0.31)(-0.14, -0.20, 0.28)(-0.10, -0.21, 0.29)(-0.08, -0.21, 0.31)(-0.06, -0.21, 0.31)(-0.15, -0.20, 0.28)(-0.12, -0.20, 0.33)(-0.12, -0.23, 0.35)(-0.13, -0.24, 0.33)(-0.13, -0.22, 0.31)(-0.16, -0.20, 0.28)(-0.14, -0.19, 0.33)(-0.14, -0.23, 0.35)(-0.14, -0.23, 0.32)(-0.14, -0.22, 0.31)(-0.17, -0.19, 0.28)(-0.16, -0.20, 0.34)(-0.16, -0.23, 0.35)(-0.16, -0.23, 0.32)(-0.15, -0.22, 0.31)(-0.18, -0.20, 0.29)(-0.18, -0.20, 0.34)(-0.18, -0.22, 0.35)(-0.17, -0.23, 0.33)(-0.17, -0.22, 0.32)
(-0.26, -0.21, 0.30)(-0.26, -0.22, 0.34)(-0.24, -0.22, 0.31)(-0.21, -0.24, 0.34)(-0.19, -0.24, 0.37)(-0.17, -0.24, 0.38)(-0.25, -0.22, 0.32)(-0.24, -0.23, 0.37)(-0.24, -0.26, 0.39)(-0.24, -0.26, 0.36)(-0.24, -0.25, 0.35)(-0.26, -0.22, 0.31)(-0.26, -0.22, 0.37)(-0.26, -0.26, 0.38)(-0.26, -0.26, 0.35)(-0.25, -0.24, 0.34)(-0.27, -0.21, 0.31)(-0.27, -0.22, 0.37)(-0.28, -0.26, 0.37)(-0.27, -0.26, 0.35)(-0.26, -0.24, 0.34)(-0.28, -0.21, 0.31)(-0.29, -0.23, 0.36)(-0.30, -0.25, 0.37)(-0.29, -0.25, 0.35)(-0.28, -0.24, 0.34)
(-0.24, -0.18, 0.28)(-0.24, -0.19, 0.33)(-0.22, -0.19, 0.30)(-0.19, -0.21, 0.34)(-0.17, -0.21, 0.36)(-0.16, -0.21, 0.37)(-0.23, -0.19, 0.31)(-0.21, -0.20, 0.36)(-0.22, -0.23, 0.38)(-0.22, -0.23, 0.35)(-0.22, -0.22, 0.34)(-0.23, -0.19, 0.30)(-0.23, -0.19, 0.36)(-0.24, -0.23, 0.37)(-0.23, -0.23, 0.34)(-0.23, -0.22, 0.33)(-0.25, -0.19, 0.30)(-0.25, -0.19, 0.35)(-0.26, -0.23, 0.36)(-0.25, -0.23, 0.34)(-0.24, -0.21, 0.33)(-0.25, -0.19, 0.30)(-0.27, -0.20, 0.35)(-0.27, -0.22, 0.35)(-0.26, -0.22, 0.33)(-0.25, -0.21, 0.33)
(-0.06, -0.16, 0.20)(-0.05, -0.15, 0.25)(-0.03, -0.16, 0.22)(0.01, -0.17, 0.24)(0.03, -0.17, 0.26)(0.05, -0.17, 0.26)(-0.04, -0.16, 0.22)(-0.01, -0.16, 0.27)(-0.01, -0.19, 0.29)(-0.02, -0.19, 0.27)(-0.02, -0.18, 0.25)(-0.05, -0.16, 0.22)(-0.03, -0.15, 0.28)(-0.03, -0.19, 0.29)(-0.03, -0.19, 0.26)(-0.03, -0.18, 0.25)(-0.06, -0.16, 0.23)(-0.05, -0.16, 0.28)(-0.05, -0.19, 0.28)(-0.05, -0.19, 0.26)(-0.04, -0.18, 0.25)(-0.07, -0.16, 0.23)(-0.07, -0.16, 0.28)(-0.07, -0.19, 0.28)(-0.06, -0.19, 0.26)(-0.06, -0.18, 0.25)
(-0.05, -0.16, 0.17)(-0.02, -0.16, 0.21)(-0.02, -0.17, 0.17)(0.02, -0.17, 0.18)(0.05, -0.17, 0.19)(0.07, -0.17, 0.19)(-0.03, -0.17, 0.18)(0.02, -0.16, 0.22)(0.03, -0.19, 0.23)(0.01, -0.20, 0.22)(0.00, -0.19, 0.20)(-0.04, -0.17, 0.18)(0.00, -0.16, 0.23)(0.01, -0.20, 0.24)(-0.01, -0.20, 0.21)(-0.01, -0.18, 0.20)(-0.04, -0.17, 0.19)(-0.02, -0.16, 0.23)(-0.01, -0.20, 0.24)(-0.02, -0.20, 0.22)(-0.02, -0.18, 0.21)(-0.05, -0.17, 0.19)(-0.04, -0.17, 0.24)(-0.03, -0.19, 0.24)(-0.03, -0.20, 0.22)(-0.03, -0.19, 0.21)
(-0.16, -0.20, 0.26)(-0.15, -0.20, 0.30)(-0.14, -0.21, 0.27)(-0.09, -0.22, 0.28)(-0.07, -0.22, 0.30)(-0.05, -0.22, 0.30)(-0.15, -0.21, 0.27)(-0.11, -0.21, 0.32)(-0.11, -0.24, 0.34)(-0.12, -0.24, 0.32)(-0.12, -0.23, 0.31)(-0.15, -0.20, 0.27)(-0.13, -0.20, 0.33)(-0.13, -0.24, 0.34)(-0.14, -0.24, 0.32)(-0.13, -0.23, 0.30)(-0.16, -0.20, 0.28)(-0.15, -0.20, 0.33)(-0.15, -0.24, 0.34)(-0.15, -0.24, 0.32)(-0.15, -0.23, 0.31)(-0.17, -0.20, 0.28)(-0.17, -0.21, 0.33)(-0.17, -0.23, 0.34)(-0.17, -0.23, 0.32)(-0.16, -0.23, 0.31)
(-0.25, -0.21, 0.30)(-0.26, -0.22, 0.34)(-0.24, -0.23, 0.31)(-0.20, -0.24, 0.34)(-0.19, -0.25, 0.37)(-0.17, -0.26, 0.38)(-0.25, -0.22, 0.32)(-0.23, -0.23, 0.37)(-0.24, -0.27, 0.39)(-0.24, -0.27, 0.36)(-0.24, -0.26, 0.35)(-0.25, -0.22, 0.31)(-0.25, -0.23, 0.37)(-0.26, -0.27, 0.38)(-0.26, -0.27, 0.35)(-0.25, -0.25, 0.35)(-0.26, -0.22, 0.31)(-0.27, -0.23, 0.37)(-0.28, -0.26, 0.37)(-0.27, -0.26, 0.35)(-0.26, -0.25, 0.34)(-0.27, -0.22, 0.31)(-0.29, -0.23, 0.36)(-0.30, -0.25, 0.37)(-0.29, -0.25, 0.35)(-0.28, -0.25, 0.34)
(-0.21, -0.18, 0.28)(-0.21, -0.19, 0.33)(-0.19, -0.20, 0.30)(-0.16, -0.21, 0.33)(-0.14, -0.21, 0.36)(-0.13, -0.21, 0.37)(-0.20, -0.19, 0.30)(-0.18, -0.20, 0.36)(-0.19, -0.23, 0.37)(-0.19, -0.23, 0.35)(-0.19, -0.22, 0.34)(-0.21, -0.19, 0.30)(-0.21, -0.19, 0.36)(-0.21, -0.23, 0.37)(-0.21, -0.23, 0.34)(-0.20, -0.22, 0.33)(-0.22, -0.19, 0.30)(-0.22, -0.19, 0.35)(-0.23, -0.23, 0.36)(-0.22, -0.23, 0.34)(-0.21, -0.21, 0.33)(-0.23, -0.19, 0.30)(-0.24, -0.20, 0.35)(-0.25, -0.22, 0.35)(-0.23, -0.22, 0.33)(-0.22, -0.21, 0.33)
(-0.05, -0.16, 0.19)(-0.04, -0.16, 0.24)(-0.03, -0.17, 0.20)(0.01, -0.17, 0.22)(0.04, -0.17, 0.24)(0.06, -0.17, 0.24)(-0.04, -0.17, 0.21)(0.00, -0.16, 0.26)(0.00, -0.19, 0.27)(-0.01, -0.20, 0.25)(-0.01, -0.19, 0.24)(-0.04, -0.16, 0.21)(-0.02, -0.15, 0.26)(-0.02, -0.19, 0.27)(-0.03, -0.19, 0.24)(-0.02, -0.18, 0.23)(-0.06, -0.16, 0.21)(-0.04, -0.16, 0.26)(-0.04, -0.19, 0.27)(-0.04, -0.19, 0.25)(-0.04, -0.18, 0.23)(-0.06, -0.16, 0.22)(-0.06, -0.16, 0.27)(-0.06, -0.19, 0.27)(-0.05, -0.19, 0.25)(-0.05, -0.18, 0.24)
(-0.07, -0.17, 0.19)(-0.04, -0.17, 0.23)(-0.04, -0.17, 0.20)(0.01, -0.17, 0.20)(0.03, -0.17, 0.21)(0.05, -0.17, 0.21)(-0.05, -0.17, 0.20)(0.00, -0.16, 0.24)(0.01, -0.19, 0.26)(-0.01, -0.20, 0.24)(-0.01, -0.19, 0.23)(-0.05, -0.17, 0.21)(-0.02, -0.16, 0.25)(-0.01, -0.20, 0.26)(-0.02, -0.20, 0.24)(-0.03, -0.19, 0.23)(-0.06, -0.17, 0.21)(-0.04, -0.17, 0.26)(-0.03, -0.20, 0.26)(-0.04, -0.20, 0.24)(-0.04, -0.19, 0.23)(-0.07, -0.17, 0.22)(-0.06, -0.18, 0.26)(-0.05, -0.20, 0.27)(-0.05, -0.20, 0.25)(-0.05, -0.19, 0.24)
(-0.21, -0.21, 0.28)(-0.20, -0.21, 0.33)(-0.19, -0.22, 0.30)(-0.15, -0.24, 0.32)(-0.13, -0.24, 0.34)(-0.11, -0.24, 0.35)(-0.20, -0.22, 0.30)(-0.17, -0.22, 0.36)(-0.18, -0.25, 0.37)(-0.18, -0.26, 0.35)(-0.18, -0.25, 0.34)(-0.20, -0.22, 0.30)(-0.19, -0.22, 0.36)(-0.20, -0.25, 0.37)(-0.20, -0.26, 0.34)(-0.20, -0.24, 0.33)(-0.22, -0.21, 0.30)(-0.21, -0.22, 0.35)(-0.22, -0.25, 0.37)(-0.21, -0.25, 0.34)(-0.21, -0.24, 0.33)(-0.22, -0.21, 0.30)(-0.23, -0.22, 0.35)(-0.24, -0.24, 0.36)(-0.23, -0.25, 0.34)(-0.22, -0.24, 0.33)
(-0.25, -0.20, 0.29)(-0.25, -0.21, 0.34)(-0.23, -0.22, 0.31)(-0.20, -0.23, 0.34)(-0.18, -0.24, 0.37)(-0.17, -0.24, 0.38)(-0.24, -0.21, 0.31)(-0.23, -0.22, 0.37)(-0.23, -0.26, 0.38)(-0.24, -0.26, 0.36)(-0.23, -0.25, 0.35)(-0.25, -0.21, 0.31)(-0.25, -0.22, 0.37)(-0.25, -0.26, 0.37)(-0.25, -0.26, 0.35)(-0.24, -0.24, 0.34)(-0.26, -0.21, 0.31)(-0.27, -0.22, 0.36)(-0.27, -0.26, 0.36)(-0.26, -0.25, 0.34)(-0.25, -0.24, 0.33)(-0.27, -0.21, 0.31)(-0.29, -0.22, 0.35)(-0.29, -0.25, 0.35)(-0.28, -0.25, 0.34)(-0.27, -0.24, 0.33)
(-0.25, -0.20, 0.29)(-0.25, -0.21, 0.34)(-0.23, -0.22, 0.31)(-0.20, -0.23, 0.34)(-0.18, -0.24, 0.37)(-0.17, -0.24, 0.38)(-0.24, -0.21, 0.31)(-0.23, -0.22, 0.37)(-0.23, -0.26, 0.38)(-0.24, -0.26, 0.36)(-0.23, -0.25, 0.35)(-0.25, -0.21, 0.31)(-0.25, -0.22, 0.37)(-0.25, -0.26, 0.37)(-0.25, -0.26, 0.35)(-0.24, -0.24, 0.34)(-0.26, -0.21, 0.31)(-0.27, -0.22, 0.36)(-0.27, -0.26, 0.36)(-0.26, -0.25, 0.34)(-0.25, -0.24, 0.33)(-0.27, -0.21, 0.31)(-0.29, -0.22, 0.35)(-0.29, -0.25, 0.35)(-0.28, -0.25, 0.34)(-0.27, -0.24, 0.33)
(-0.08, -0.16, 0.21)(-0.06, -0.16, 0.26)(-0.05, -0.17, 0.22)(-0.01, -0.17, 0.23)(0.01, -0.17, 0.25)(0.03, -0.17, 0.26)(-0.06, -0.17, 0.22)(-0.02, -0.16, 0.27)(-0.02, -0.19, 0.29)(-0.03, -0.20, 0.27)(-0.04, -0.19, 0.25)(-0.07, -0.17, 0.23)(-0.04, -0.16, 0.28)(-0.04, -0.20, 0.29)(-0.05, -0.20, 0.26)(-0.05, -0.18, 0.25)(-0.08, -0.16, 0.23)(-0.06, -0.16, 0.28)(-0.06, -0.20, 0.29)(-0.06, -0.20, 0.27)(-0.06, -0.18, 0.25)(-0.09, -0.17, 0.23)(-0.08, -0.17, 0.28)(-0.08, -0.19, 0.29)(-0.08, -0.19, 0.27)(-0.07, -0.19, 0.26)
(-0.06, -0.16, 0.19)(-0.03, -0.16, 0.23)(-0.03, -0.17, 0.19)(0.02, -0.17, 0.19)(0.04, -0.17, 0.21)(0.06, -0.17, 0.21)(-0.04, -0.17, 0.20)(0.01, -0.16, 0.24)(0.02, -0.19, 0.25)(0.00, -0.20, 0.24)(0.00, -0.19, 0.22)(-0.04, -0.17, 0.20)(-0.01, -0.15, 0.24)(0.00, -0.19, 0.26)(-0.01, -0.20, 0.23)(-0.02, -0.18, 0.22)(-0.05, -0.16, 0.21)(-0.03, -0.16, 0.25)(-0.02, -0.20, 0.26)(-0.03, -0.19, 0.24)(-0.03, -0.18, 0.23)(-0.06, -0.17, 0.21)(-0.04, -0.17, 0.26)(-0.04, -0.19, 0.26)(-0.04, -0.19, 0.25)(-0.04, -0.19, 0.23)
(-0.18, -0.21, 0.29)(-0.18, -0.21, 0.34)(-0.16, -0.22, 0.30)(-0.12, -0.23, 0.32)(-0.10, -0.23, 0.34)(-0.08, -0.23, 0.34)(-0.17, -0.22, 0.30)(-0.14, -0.22, 0.36)(-0.14, -0.25, 0.38)(-0.15, -0.25, 0.36)(-0.15, -0.25, 0.34)(-0.18, -0.22, 0.31)(-0.16, -0.21, 0.36)(-0.16, -0.25, 0.38)(-0.16, -0.25, 0.35)(-0.16, -0.24, 0.34)(-0.19, -0.21, 0.31)(-0.18, -0.22, 0.36)(-0.18, -0.25, 0.37)(-0.18, -0.25, 0.35)(-0.18, -0.24, 0.34)(-0.20, -0.22, 0.31)(-0.20, -0.22, 0.36)(-0.20, -0.24, 0.37)(-0.20, -0.25, 0.35)(-0.19, -0.24, 0.34)
(-0.24, -0.21, 0.30)(-0.25, -0.22, 0.35)(-0.22, -0.22, 0.32)(-0.19, -0.23, 0.35)(-0.18, -0.24, 0.37)(-0.16, -0.24, 0.38)(-0.23, -0.22, 0.32)(-0.22, -0.22, 0.38)(-0.22, -0.25, 0.39)(-0.23, -0.26, 0.37)(-0.22, -0.25, 0.35)(-0.24, -0.21, 0.32)(-0.24, -0.22, 0.37)(-0.25, -0.26, 0.38)(-0.24, -0.26, 0.35)(-0.23, -0.24, 0.35)(-0.25, -0.21, 0.32)(-0.26, -0.22, 0.37)(-0.26, -0.26, 0.37)(-0.25, -0.25, 0.35)(-0.25, -0.24, 0.34)(-0.26, -0.21, 0.31)(-0.28, -0.22, 0.36)(-0.28, -0.25, 0.36)(-0.27, -0.25, 0.35)(-0.26, -0.24, 0.34)
(-0.08, -0.16, 0.22)(-0.07, -0.16, 0.27)(-0.05, -0.17, 0.23)(-0.02, -0.18, 0.25)(0.00, -0.18, 0.28)(0.02, -0.18, 0.28)(-0.06, -0.17, 0.23)(-0.04, -0.17, 0.29)(-0.04, -0.20, 0.30)(-0.04, -0.20, 0.28)(-0.04, -0.19, 0.27)(-0.07, -0.17, 0.24)(-0.06, -0.16, 0.29)(-0.06, -0.20, 0.30)(-0.06, -0.20, 0.27)(-0.06, -0.19, 0.26)(-0.08, -0.17, 0.24)(-0.08, -0.17, 0.29)(-0.08, -0.20, 0.30)(-0.07, -0.20, 0.27)(-0.07, -0.19, 0.26)(-0.09, -0.17, 0.24)(-0.10, -0.17, 0.29)(-0.10, -0.20, 0.29)(-0.09, -0.20, 0.27)(-0.08, -0.19, 0.26)
(-0.03, -0.16, 0.14)(0.00, -0.15, 0.18)(0.00, -0.17, 0.15)(0.04, -0.17, 0.15)(0.07, -0.16, 0.16)(0.09, -0.16, 0.16)(-0.01, -0.16, 0.15)(0.04, -0.15, 0.19)(0.05, -0.18, 0.20)(0.03, -0.19, 0.19)(0.02, -0.18, 0.18)(-0.02, -0.16, 0.16)(0.02, -0.15, 0.20)(0.03, -0.19, 0.21)(0.01, -0.19, 0.19)(0.01, -0.18, 0.18)(-0.03, -0.16, 0.16)(0.00, -0.15, 0.21)(0.01, -0.19, 0.22)(0.00, -0.19, 0.19)(0.00, -0.18, 0.18)(-0.03, -0.16, 0.17)(-0.02, -0.16, 0.22)(-0.01, -0.18, 0.22)(-0.01, -0.19, 0.20)(-0.01, -0.18, 0.19)
(-0.10, -0.17, 0.22)(-0.08, -0.17, 0.27)(-0.07, -0.18, 0.23)(-0.03, -0.18, 0.24)(0.00, -0.18, 0.25)(0.02, -0.18, 0.25)(-0.08, -0.18, 0.23)(-0.04, -0.17, 0.28)(-0.03, -0.20, 0.29)(-0.04, -0.21, 0.27)(-0.05, -0.20, 0.26)(-0.09, -0.18, 0.24)(-0.06, -0.17, 0.28)(-0.05, -0.21, 0.30)(-0.06, -0.21, 0.27)(-0.06, -0.19, 0.26)(-0.10, -0.17, 0.24)(-0.07, -0.17, 0.29)(-0.07, -0.21, 0.30)(-0.07, -0.21, 0.27)(-0.07, -0.19, 0.26)(-0.11, -0.18, 0.25)(-0.09, -0.18, 0.30)(-0.09, -0.20, 0.30)(-0.09, -0.21, 0.28)(-0.08, -0.20, 0.27)
(-0.21, -0.20, 0.30)(-0.21, -0.21, 0.35)(-0.19, -0.22, 0.32)(-0.15, -0.22, 0.35)(-0.14, -0.23, 0.37)(-0.12, -0.23, 0.38)(-0.20, -0.21, 0.32)(-0.18, -0.21, 0.38)(-0.18, -0.25, 0.39)(-0.19, -0.25, 0.37)(-0.19, -0.24, 0.36)(-0.21, -0.21, 0.32)(-0.20, -0.21, 0.38)(-0.21, -0.25, 0.39)(-0.20, -0.25, 0.36)(-0.20, -0.23, 0.35)(-0.22, -0.21, 0.32)(-0.22, -0.21, 0.37)(-0.23, -0.25, 0.38)(-0.22, -0.25, 0.36)(-0.21, -0.23, 0.35)(-0.23, -0.21, 0.32)(-0.24, -0.22, 0.37)(-0.24, -0.24, 0.37)(-0.23, -0.24, 0.36)(-0.22, -0.24, 0.35)
(-0.19, -0.20, 0.30)(-0.20, -0.21, 0.35)(-0.17, -0.21, 0.32)(-0.14, -0.21, 0.35)(-0.12, -0.22, 0.37)(-0.11, -0.22, 0.39)(-0.18, -0.20, 0.32)(-0.17, -0.21, 0.38)(-0.17, -0.24, 0.39)(-0.17, -0.25, 0.37)(-0.17, -0.23, 0.36)(-0.19, -0.20, 0.32)(-0.19, -0.21, 0.38)(-0.19, -0.25, 0.38)(-0.18, -0.24, 0.36)(-0.18, -0.23, 0.35)(-0.20, -0.20, 0.32)(-0.21, -0.21, 0.37)(-0.21, -0.25, 0.37)(-0.20, -0.25, 0.35)(-0.19, -0.23, 0.34)(-0.21, -0.20, 0.32)(-0.23, -0.22, 0.36)(-0.22, -0.24, 0.37)(-0.21, -0.24, 0.35)(-0.20, -0.23, 0.34)
(-0.03, -0.16, 0.18)(-0.01, -0.17, 0.23)(0.00, -0.17, 0.19)(0.04, -0.18, 0.21)(0.06, -0.18, 0.23)(0.08, -0.18, 0.23)(-0.01, -0.17, 0.20)(0.03, -0.17, 0.25)(0.03, -0.20, 0.26)(0.02, -0.20, 0.24)(0.02, -0.19, 0.23)(-0.02, -0.17, 0.20)(0.01, -0.16, 0.25)(0.01, -0.20, 0.26)(0.00, -0.20, 0.24)(0.00, -0.19, 0.23)(-0.03, -0.17, 0.21)(-0.01, -0.17, 0.25)(-0.01, -0.20, 0.26)(-0.01, -0.20, 0.24)(-0.01, -0.19, 0.23)(-0.04, -0.17, 0.21)(-0.03, -0.17, 0.26)(-0.03, -0.20, 0.26)(-0.03, -0.20, 0.24)(-0.02, -0.19, 0.23)
(-0.05, -0.16, 0.17)(-0.02, -0.16, 0.21)(-0.02, -0.17, 0.17)(0.03, -0.17, 0.17)(0.05, -0.17, 0.18)(0.07, -0.17, 0.18)(-0.03, -0.17, 0.18)(0.02, -0.16, 0.21)(0.03, -0.19, 0.23)(0.01, -0.20, 0.21)(0.01, -0.19, 0.20)(-0.03, -0.17, 0.18)(0.00, -0.16, 0.22)(0.01, -0.20, 0.23)(0.00, -0.20, 0.21)(-0.01, -0.18, 0.20)(-0.04, -0.17, 0.19)(-0.02, -0.16, 0.23)(-0.01, -0.20, 0.24)(-0.02, -0.20, 0.21)(-0.02, -0.18, 0.20)(-0.05, -0.17, 0.19)(-0.03, -0.17, 0.24)(-0.03, -0.20, 0.24)(-0.03, -0.20, 0.22)(-0.03, -0.19, 0.21)
(-0.18, -0.19, 0.27)(-0.17, -0.20, 0.32)(-0.15, -0.21, 0.28)(-0.11, -0.21, 0.30)(-0.09, -0.22, 0.32)(-0.07, -0.22, 0.32)(-0.16, -0.20, 0.29)(-0.13, -0.20, 0.34)(-0.13, -0.23, 0.35)(-0.14, -0.24, 0.33)(-0.14, -0.23, 0.32)(-0.17, -0.20, 0.29)(-0.15, -0.20, 0.34)(-0.15, -0.24, 0.35)(-0.16, -0.24, 0.32)(-0.15, -0.22, 0.31)(-0.18, -0.20, 0.29)(-0.17, -0.20, 0.34)(-0.17, -0.23, 0.35)(-0.17, -0.23, 0.33)(-0.17, -0.22, 0.32)(-0.19, -0.20, 0.29)(-0.19, -0.20, 0.34)(-0.19, -0.22, 0.35)(-0.19, -0.23, 0.33)(-0.18, -0.22, 0.32)
(-0.27, -0.20, 0.30)(-0.28, -0.21, 0.35)(-0.25, -0.22, 0.32)(-0.23, -0.24, 0.36)(-0.21, -0.24, 0.38)(-0.20, -0.25, 0.39)(-0.26, -0.22, 0.32)(-0.26, -0.23, 0.38)(-0.27, -0.26, 0.39)(-0.27, -0.26, 0.37)(-0.26, -0.25, 0.36)(-0.27, -0.21, 0.32)(-0.28, -0.22, 0.38)(-0.29, -0.26, 0.39)(-0.28, -0.26, 0.36)(-0.27, -0.24, 0.35)(-0.28, -0.21, 0.32)(-0.29, -0.22, 0.37)(-0.30, -0.25, 0.38)(-0.29, -0.25, 0.36)(-0.28, -0.24, 0.35)(-0.29, -0.21, 0.32)(-0.31, -0.22, 0.36)(-0.32, -0.24, 0.37)(-0.31, -0.25, 0.35)(-0.30, -0.24, 0.35)
(-0.16, -0.18, 0.27)(-0.16, -0.18, 0.32)(-0.14, -0.19, 0.28)(-0.11, -0.20, 0.31)(-0.09, -0.20, 0.34)(-0.07, -0.20, 0.35)(-0.15, -0.19, 0.29)(-0.13, -0.19, 0.34)(-0.14, -0.22, 0.36)(-0.14, -0.23, 0.34)(-0.14, -0.21, 0.32)(-0.16, -0.18, 0.29)(-0.15, -0.18, 0.34)(-0.16, -0.22, 0.35)(-0.15, -0.22, 0.33)(-0.15, -0.21, 0.32)(-0.17, -0.18, 0.29)(-0.17, -0.19, 0.34)(-0.18, -0.22, 0.34)(-0.17, -0.22, 0.32)(-0.16, -0.21, 0.31)(-0.18, -0.18, 0.28)(-0.19, -0.19, 0.33)(-0.19, -0.21, 0.34)(-0.18, -0.22, 0.32)(-0.17, -0.21, 0.31)
(-0.02, -0.16, 0.16)(-0.01, -0.16, 0.21)(0.00, -0.17, 0.17)(0.04, -0.18, 0.18)(0.07, -0.18, 0.20)(0.09, -0.18, 0.20)(-0.01, -0.17, 0.18)(0.03, -0.16, 0.22)(0.04, -0.19, 0.24)(0.02, -0.20, 0.22)(0.02, -0.19, 0.20)(-0.01, -0.17, 0.18)(0.01, -0.16, 0.23)(0.01, -0.20, 0.24)(0.01, -0.19, 0.21)(0.01, -0.18, 0.20)(-0.02, -0.16, 0.18)(0.00, -0.16, 0.23)(-0.01, -0.20, 0.24)(-0.01, -0.19, 0.22)(0.00, -0.18, 0.20)(-0.03, -0.16, 0.19)(-0.02, -0.17, 0.24)(-0.02, -0.19, 0.24)(-0.02, -0.19, 0.22)(-0.02, -0.18, 0.21)
(-0.05, -0.16, 0.18)(-0.02, -0.16, 0.22)(-0.02, -0.17, 0.18)(0.02, -0.17, 0.18)(0.05, -0.17, 0.19)(0.07, -0.17, 0.19)(-0.03, -0.17, 0.19)(0.02, -0.16, 0.23)(0.03, -0.19, 0.24)(0.01, -0.20, 0.22)(0.00, -0.19, 0.21)(-0.04, -0.17, 0.19)(0.00, -0.16, 0.24)(0.01, -0.20, 0.25)(-0.01, -0.20, 0.22)(-0.01, -0.19, 0.21)(-0.05, -0.17, 0.20)(-0.02, -0.17, 0.24)(-0.01, -0.20, 0.25)(-0.02, -0.20, 0.23)(-0.02, -0.19, 0.22)(-0.05, -0.17, 0.20)(-0.04, -0.17, 0.25)(-0.03, -0.20, 0.26)(-0.03, -0.20, 0.24)(-0.03, -0.19, 0.23)
(-0.19, -0.19, 0.29)(-0.18, -0.19, 0.34)(-0.17, -0.20, 0.30)(-0.13, -0.20, 0.32)(-0.10, -0.20, 0.34)(-0.08, -0.20, 0.35)(-0.18, -0.19, 0.31)(-0.14, -0.19, 0.36)(-0.14, -0.22, 0.37)(-0.15, -0.23, 0.35)(-0.16, -0.22, 0.34)(-0.18, -0.19, 0.31)(-0.17, -0.19, 0.36)(-0.17, -0.23, 0.38)(-0.17, -0.23, 0.35)(-0.17, -0.21, 0.34)(-0.19, -0.19, 0.31)(-0.19, -0.19, 0.36)(-0.19, -0.23, 0.37)(-0.18, -0.23, 0.35)(-0.18, -0.21, 0.34)(-0.20, -0.19, 0.31)(-0.21, -0.20, 0.36)(-0.21, -0.22, 0.37)(-0.20, -0.22, 0.35)(-0.19, -0.21, 0.34)
(-0.26, -0.19, 0.30)(-0.27, -0.20, 0.34)(-0.24, -0.20, 0.31)(-0.21, -0.21, 0.35)(-0.20, -0.22, 0.37)(-0.18, -0.22, 0.38)(-0.25, -0.20, 0.32)(-0.24, -0.20, 0.37)(-0.24, -0.24, 0.39)(-0.25, -0.24, 0.36)(-0.24, -0.23, 0.35)(-0.26, -0.20, 0.31)(-0.26, -0.20, 0.37)(-0.27, -0.24, 0.38)(-0.26, -0.24, 0.35)(-0.25, -0.22, 0.34)(-0.27, -0.19, 0.31)(-0.28, -0.20, 0.36)(-0.28, -0.24, 0.37)(-0.27, -0.24, 0.35)(-0.26, -0.22, 0.34)(-0.28, -0.19, 0.31)(-0.30, -0.21, 0.36)(-0.30, -0.23, 0.36)(-0.29, -0.23, 0.34)(-0.28, -0.22, 0.34)
(-0.15, -0.17, 0.26)(-0.15, -0.17, 0.31)(-0.13, -0.18, 0.28)(-0.10, -0.19, 0.31)(-0.08, -0.19, 0.33)(-0.07, -0.19, 0.34)(-0.14, -0.17, 0.28)(-0.12, -0.18, 0.34)(-0.13, -0.21, 0.35)(-0.13, -0.21, 0.33)(-0.13, -0.20, 0.32)(-0.15, -0.17, 0.28)(-0.15, -0.17, 0.34)(-0.15, -0.21, 0.35)(-0.14, -0.21, 0.32)(-0.14, -0.20, 0.31)(-0.16, -0.17, 0.28)(-0.16, -0.18, 0.33)(-0.17, -0.21, 0.34)(-0.16, -0.21, 0.32)(-0.15, -0.20, 0.31)(-0.17, -0.17, 0.28)(-0.18, -0.18, 0.32)(-0.18, -0.21, 0.33)(-0.17, -0.21, 0.31)(-0.16, -0.20, 0.31)
(-0.15, -0.17, 0.26)(-0.15, -0.17, 0.31)(-0.13, -0.18, 0.28)(-0.10, -0.19, 0.31)(-0.08, -0.19, 0.33)(-0.07, -0.19, 0.34)(-0.14, -0.17, 0.28)(-0.12, -0.18, 0.34)(-0.13, -0.21, 0.35)(-0.13, -0.21, 0.33)(-0.13, -0.20, 0.32)(-0.15, -0.17, 0.28)(-0.15, -0.17, 0.34)(-0.15, -0.21, 0.35)(-0.14, -0.21, 0.32)(-0.14, -0.20, 0.31)(-0.16, -0.17, 0.28)(-0.16, -0.18, 0.33)(-0.17, -0.21, 0.34)(-0.16, -0.21, 0.32)(-0.15, -0.20, 0.31)(-0.17, -0.17, 0.28)(-0.18, -0.18, 0.32)(-0.18, -0.21, 0.33)(-0.17, -0.21, 0.31)(-0.16, -0.20, 0.31)
(-0.01, -0.16, 0.16)(0.01, -0.15, 0.20)(0.02, -0.17, 0.16)(0.06, -0.17, 0.17)(0.09, -0.17, 0.19)(0.11, -0.17, 0.19)(0.01, -0.16, 0.17)(0.05, -0.15, 0.21)(0.06, -0.19, 0.23)(0.04, -0.19, 0.21)(0.04, -0.18, 0.20)(0.00, -0.16, 0.17)(0.03, -0.15, 0.22)(0.04, -0.19, 0.23)(0.03, -0.19, 0.20)(0.03, -0.18, 0.19)(-0.01, -0.16, 0.18)(0.01, -0.15, 0.22)(0.02, -0.19, 0.23)(0.01, -0.19, 0.21)(0.01, -0.17, 0.20)(-0.02, -0.16, 0.18)(0.00, -0.16, 0.23)(0.00, -0.18, 0.23)(0.00, -0.19, 0.21)(0.00, -0.18, 0.20)
(-0.05, -0.16, 0.18)(-0.02, -0.16, 0.22)(-0.02, -0.17, 0.19)(0.02, -0.17, 0.19)(0.05, -0.18, 0.20)(0.07, -0.18, 0.20)(-0.03, -0.17, 0.19)(0.02, -0.16, 0.23)(0.03, -0.20, 0.24)(0.01, -0.20, 0.23)(0.00, -0.19, 0.22)(-0.04, -0.17, 0.20)(0.00, -0.16, 0.24)(0.01, -0.20, 0.25)(-0.01, -0.20, 0.23)(-0.01, -0.19, 0.22)(-0.04, -0.16, 0.20)(-0.02, -0.16, 0.25)(-0.01, -0.20, 0.26)(-0.02, -0.20, 0.23)(-0.02, -0.18, 0.22)(-0.05, -0.17, 0.21)(-0.04, -0.17, 0.26)(-0.03, -0.19, 0.26)(-0.03, -0.20, 0.24)(-0.03, -0.19, 0.23)
(-0.19, -0.19, 0.28)(-0.19, -0.19, 0.33)(-0.17, -0.20, 0.30)(-0.13, -0.22, 0.32)(-0.11, -0.22, 0.35)(-0.09, -0.22, 0.35)(-0.18, -0.20, 0.30)(-0.15, -0.20, 0.36)(-0.16, -0.24, 0.37)(-0.17, -0.24, 0.35)(-0.16, -0.23, 0.34)(-0.18, -0.20, 0.30)(-0.17, -0.20, 0.36)(-0.18, -0.23, 0.37)(-0.18, -0.23, 0.34)(-0.18, -0.22, 0.33)(-0.20, -0.19, 0.30)(-0.19, -0.20, 0.35)(-0.20, -0.23, 0.36)(-0.19, -0.23, 0.34)(-0.19, -0.22, 0.33)(-0.20, -0.19, 0.30)(-0.21, -0.20, 0.35)(-0.22, -0.22, 0.36)(-0.21, -0.23, 0.34)(-0.20, -0.22, 0.33)
(-0.24, -0.19, 0.29)(-0.25, -0.20, 0.34)(-0.22, -0.21, 0.31)(-0.19, -0.22, 0.35)(-0.18, -0.23, 0.37)(-0.16, -0.23, 0.38)(-0.23, -0.20, 0.32)(-0.22, -0.21, 0.37)(-0.23, -0.24, 0.39)(-0.23, -0.24, 0.36)(-0.23, -0.23, 0.35)(-0.24, -0.20, 0.31)(-0.24, -0.20, 0.37)(-0.25, -0.24, 0.38)(-0.24, -0.24, 0.35)(-0.24, -0.23, 0.34)(-0.25, -0.20, 0.31)(-0.26, -0.21, 0.36)(-0.27, -0.24, 0.37)(-0.26, -0.24, 0.35)(-0.25, -0.22, 0.34)(-0.26, -0.20, 0.31)(-0.28, -0.21, 0.36)(-0.28, -0.23, 0.36)(-0.27, -0.23, 0.34)(-0.26, -0.23, 0.34)
(-0.10, -0.17, 0.23)(-0.10, -0.17, 0.28)(-0.08, -0.18, 0.25)(-0.04, -0.18, 0.27)(-0.02, -0.19, 0.30)(0.00, -0.19, 0.31)(-0.09, -0.17, 0.25)(-0.06, -0.18, 0.31)(-0.06, -0.21, 0.32)(-0.07, -0.21, 0.30)(-0.07, -0.20, 0.29)(-0.10, -0.17, 0.25)(-0.08, -0.17, 0.31)(-0.09, -0.21, 0.32)(-0.08, -0.21, 0.29)(-0.08, -0.19, 0.28)(-0.11, -0.17, 0.25)(-0.10, -0.17, 0.31)(-0.10, -0.21, 0.31)(-0.10, -0.21, 0.29)(-0.09, -0.19, 0.28)(-0.12, -0.17, 0.25)(-0.12, -0.18, 0.30)(-0.12, -0.20, 0.31)(-0.11, -0.21, 0.29)(-0.11, -0.20, 0.28)

