(-0.03, -0.08, 0.36)(-0.03, -0.05, 0.40)(-0.01, -0.08, 0.38)(0.02, -0.07, 0.41)(0.03, -0.06, 0.44)(0.03, -0.06, 0.45)(-0.02, -0.07, 0.38)(0.00, -0.03, 0.42)(0.01, 0.00, 0.46)(0.01, 0.01, 0.48)(0.01, 0.01, 0.49)(-0.03, -0.07, 0.38)(-0.02, -0.03, 0.42)(-0.02, -0.03, 0.47)(-0.01, -0.06, 0.48)(-0.01, -0.07, 0.48)(-0.04, -0.07, 0.38)(-0.04, -0.04, 0.42)(-0.03, -0.04, 0.46)(-0.03, -0.07, 0.46)(-0.02, -0.08, 0.46)(-0.05, -0.07, 0.38)(-0.05, -0.04, 0.43)(-0.05, -0.05, 0.45)(-0.04, -0.06, 0.46)(-0.04, -0.07, 0.46)
(-0.03, -0.08, 0.36)(-0.03, -0.05, 0.40)(-0.01, -0.08, 0.38)(0.02, -0.07, 0.41)(0.03, -0.06, 0.44)(0.03, -0.06, 0.45)(-0.02, -0.07, 0.38)(0.00, -0.03, 0.42)(0.01, 0.00, 0.46)(0.01, 0.01, 0.48)(0.01, 0.01, 0.49)(-0.03, -0.07, 0.38)(-0.02, -0.03, 0.42)(-0.02, -0.03, 0.47)(-0.01, -0.06, 0.48)(-0.01, -0.07, 0.48)(-0.04, -0.07, 0.38)(-0.04, -0.04, 0.42)(-0.03, -0.04, 0.46)(-0.03, -0.07, 0.46)(-0.02, -0.08, 0.46)(-0.05, -0.07, 0.38)(-0.05, -0.04, 0.43)(-0.05, -0.05, 0.45)(-0.04, -0.06, 0.46)(-0.04, -0.07, 0.46)
(-0.03, -0.08, 0.37)(-0.03, -0.05, 0.41)(-0.01, -0.08, 0.39)(0.02, -0.07, 0.41)(0.03, -0.07, 0.45)(0.03, -0.07, 0.46)(-0.02, -0.07, 0.39)(0.00, -0.03, 0.43)(0.01, -0.01, 0.47)(0.01, 0.00, 0.49)(0.01, 0.01, 0.50)(-0.03, -0.07, 0.39)(-0.02, -0.03, 0.43)(-0.02, -0.04, 0.48)(-0.01, -0.06, 0.49)(-0.01, -0.08, 0.49)(-0.04, -0.07, 0.39)(-0.04, -0.04, 0.44)(-0.04, -0.05, 0.47)(-0.03, -0.07, 0.48)(-0.02, -0.09, 0.47)(-0.05, -0.08, 0.39)(-0.06, -0.05, 0.44)(-0.05, -0.05, 0.46)(-0.05, -0.07, 0.47)(-0.04, -0.08, 0.47)
(-0.04, -0.08, 0.37)(-0.03, -0.06, 0.41)(-0.01, -0.08, 0.39)(0.02, -0.08, 0.41)(0.03, -0.07, 0.45)(0.02, -0.07, 0.46)(-0.02, -0.08, 0.39)(0.00, -0.04, 0.43)(0.01, -0.01, 0.47)(0.01, 0.00, 0.49)(0.01, 0.00, 0.50)(-0.03, -0.08, 0.39)(-0.02, -0.04, 0.43)(-0.02, -0.04, 0.48)(-0.02, -0.06, 0.49)(-0.01, -0.08, 0.49)(-0.04, -0.08, 0.39)(-0.04, -0.04, 0.43)(-0.04, -0.05, 0.47)(-0.03, -0.07, 0.47)(-0.03, -0.09, 0.47)(-0.05, -0.08, 0.39)(-0.06, -0.05, 0.44)(-0.05, -0.05, 0.46)(-0.05, -0.07, 0.47)(-0.04, -0.08, 0.47)
(-0.04, -0.09, 0.36)(-0.03, -0.06, 0.40)(-0.02, -0.08, 0.37)(0.02, -0.08, 0.40)(0.02, -0.07, 0.43)(0.02, -0.07, 0.45)(-0.03, -0.08, 0.38)(0.00, -0.04, 0.42)(0.01, -0.01, 0.45)(0.02, 0.00, 0.47)(0.02, 0.00, 0.48)(-0.03, -0.08, 0.38)(-0.02, -0.04, 0.42)(-0.02, -0.04, 0.46)(-0.01, -0.06, 0.48)(-0.01, -0.08, 0.48)(-0.04, -0.08, 0.38)(-0.04, -0.04, 0.42)(-0.04, -0.05, 0.46)(-0.03, -0.07, 0.46)(-0.03, -0.09, 0.46)(-0.05, -0.08, 0.38)(-0.06, -0.05, 0.42)(-0.06, -0.05, 0.45)(-0.05, -0.07, 0.46)(-0.04, -0.08, 0.46)
(-0.04, -0.10, 0.33)(-0.04, -0.07, 0.36)(-0.02, -0.10, 0.34)(0.01, -0.09, 0.36)(0.02, -0.08, 0.39)(0.02, -0.08, 0.41)(-0.03, -0.09, 0.34)(0.00, -0.05, 0.38)(0.01, -0.02, 0.41)(0.02, -0.01, 0.43)(0.02, 0.00, 0.44)(-0.04, -0.09, 0.34)(-0.02, -0.05, 0.38)(-0.01, -0.05, 0.42)(-0.01, -0.08, 0.43)(-0.01, -0.09, 0.42)(-0.05, -0.09, 0.34)(-0.04, -0.05, 0.38)(-0.03, -0.06, 0.42)(-0.03, -0.08, 0.42)(-0.03, -0.09, 0.40)(-0.06, -0.09, 0.35)(-0.06, -0.06, 0.39)(-0.06, -0.06, 0.41)(-0.05, -0.08, 0.41)(-0.04, -0.09, 0.40)
(-0.06, -0.12, 0.27)(-0.05, -0.09, 0.30)(-0.03, -0.12, 0.28)(0.01, -0.11, 0.29)(0.02, -0.10, 0.32)(0.02, -0.09, 0.34)(-0.04, -0.11, 0.28)(-0.01, -0.06, 0.31)(0.01, -0.04, 0.34)(0.02, -0.02, 0.35)(0.02, -0.02, 0.37)(-0.05, -0.11, 0.28)(-0.03, -0.06, 0.31)(-0.01, -0.07, 0.35)(-0.01, -0.10, 0.35)(-0.01, -0.10, 0.34)(-0.06, -0.11, 0.28)(-0.05, -0.07, 0.32)(-0.03, -0.08, 0.35)(-0.03, -0.10, 0.34)(-0.03, -0.11, 0.32)(-0.07, -0.11, 0.29)(-0.06, -0.08, 0.33)(-0.05, -0.08, 0.35)(-0.05, -0.10, 0.34)(-0.05, -0.10, 0.33)
(-0.08, -0.16, 0.19)(-0.06, -0.12, 0.21)(-0.05, -0.15, 0.19)(-0.01, -0.14, 0.21)(0.00, -0.13, 0.23)(0.01, -0.12, 0.25)(-0.06, -0.15, 0.20)(-0.03, -0.10, 0.22)(-0.01, -0.07, 0.24)(0.00, -0.07, 0.26)(0.00, -0.07, 0.28)(-0.07, -0.15, 0.20)(-0.05, -0.10, 0.22)(-0.03, -0.10, 0.26)(-0.03, -0.13, 0.26)(-0.03, -0.14, 0.25)(-0.08, -0.15, 0.20)(-0.06, -0.10, 0.23)(-0.05, -0.11, 0.27)(-0.05, -0.13, 0.26)(-0.05, -0.14, 0.24)(-0.09, -0.15, 0.21)(-0.08, -0.11, 0.24)(-0.07, -0.11, 0.26)(-0.06, -0.13, 0.26)(-0.06, -0.14, 0.24)
(-0.14, -0.18, 0.17)(-0.13, -0.15, 0.20)(-0.11, -0.18, 0.18)(-0.07, -0.17, 0.19)(-0.06, -0.15, 0.22)(-0.04, -0.15, 0.23)(-0.12, -0.17, 0.18)(-0.09, -0.13, 0.21)(-0.07, -0.12, 0.24)(-0.06, -0.14, 0.26)(-0.06, -0.16, 0.26)(-0.13, -0.17, 0.19)(-0.11, -0.13, 0.22)(-0.08, -0.12, 0.25)(-0.07, -0.15, 0.26)(-0.08, -0.16, 0.25)(-0.14, -0.17, 0.19)(-0.13, -0.13, 0.23)(-0.11, -0.13, 0.26)(-0.10, -0.15, 0.26)(-0.10, -0.16, 0.25)(-0.15, -0.18, 0.19)(-0.14, -0.14, 0.24)(-0.13, -0.12, 0.26)(-0.12, -0.14, 0.26)(-0.12, -0.15, 0.26)
(-0.23, -0.18, 0.23)(-0.23, -0.15, 0.27)(-0.20, -0.18, 0.24)(-0.17, -0.16, 0.27)(-0.15, -0.15, 0.30)(-0.14, -0.15, 0.31)(-0.21, -0.17, 0.24)(-0.19, -0.13, 0.29)(-0.18, -0.14, 0.32)(-0.18, -0.16, 0.33)(-0.18, -0.18, 0.33)(-0.22, -0.17, 0.25)(-0.21, -0.13, 0.29)(-0.20, -0.14, 0.33)(-0.19, -0.16, 0.34)(-0.19, -0.17, 0.32)(-0.23, -0.17, 0.25)(-0.23, -0.14, 0.30)(-0.22, -0.14, 0.33)(-0.21, -0.16, 0.34)(-0.21, -0.17, 0.32)(-0.24, -0.18, 0.25)(-0.25, -0.15, 0.30)(-0.25, -0.14, 0.32)(-0.24, -0.15, 0.33)(-0.23, -0.16, 0.32)
(-0.27, -0.17, 0.28)(-0.28, -0.16, 0.33)(-0.25, -0.17, 0.31)(-0.23, -0.16, 0.34)(-0.21, -0.15, 0.36)(-0.20, -0.14, 0.37)(-0.27, -0.17, 0.31)(-0.26, -0.14, 0.36)(-0.26, -0.17, 0.38)(-0.26, -0.18, 0.36)(-0.26, -0.17, 0.34)(-0.27, -0.17, 0.30)(-0.28, -0.14, 0.35)(-0.28, -0.18, 0.37)(-0.27, -0.18, 0.35)(-0.27, -0.17, 0.33)(-0.29, -0.17, 0.30)(-0.29, -0.15, 0.34)(-0.29, -0.18, 0.36)(-0.28, -0.18, 0.34)(-0.28, -0.17, 0.32)(-0.29, -0.17, 0.30)(-0.31, -0.16, 0.34)(-0.31, -0.18, 0.35)(-0.29, -0.18, 0.33)(-0.29, -0.17, 0.32)
(-0.19, -0.15, 0.30)(-0.20, -0.14, 0.35)(-0.17, -0.15, 0.32)(-0.14, -0.14, 0.35)(-0.12, -0.13, 0.38)(-0.11, -0.12, 0.39)(-0.18, -0.15, 0.32)(-0.17, -0.13, 0.38)(-0.18, -0.15, 0.40)(-0.18, -0.16, 0.38)(-0.17, -0.16, 0.36)(-0.19, -0.15, 0.32)(-0.19, -0.12, 0.37)(-0.20, -0.16, 0.39)(-0.19, -0.16, 0.36)(-0.18, -0.16, 0.35)(-0.20, -0.15, 0.32)(-0.21, -0.13, 0.36)(-0.21, -0.16, 0.38)(-0.20, -0.16, 0.36)(-0.19, -0.16, 0.34)(-0.21, -0.15, 0.32)(-0.23, -0.14, 0.36)(-0.23, -0.16, 0.37)(-0.21, -0.16, 0.35)(-0.20, -0.16, 0.34)
(-0.05, -0.15, 0.26)(-0.04, -0.13, 0.30)(-0.03, -0.15, 0.27)(0.01, -0.13, 0.29)(0.04, -0.12, 0.30)(0.06, -0.11, 0.30)(-0.04, -0.14, 0.28)(0.00, -0.12, 0.32)(0.00, -0.14, 0.34)(-0.01, -0.15, 0.33)(-0.01, -0.15, 0.31)(-0.04, -0.14, 0.28)(-0.03, -0.11, 0.32)(-0.02, -0.15, 0.35)(-0.02, -0.15, 0.32)(-0.02, -0.15, 0.30)(-0.06, -0.14, 0.28)(-0.04, -0.12, 0.32)(-0.04, -0.15, 0.35)(-0.04, -0.15, 0.32)(-0.04, -0.15, 0.31)(-0.06, -0.14, 0.28)(-0.06, -0.13, 0.33)(-0.06, -0.15, 0.34)(-0.05, -0.15, 0.32)(-0.05, -0.15, 0.31)
(-0.08, -0.15, 0.26)(-0.07, -0.13, 0.30)(-0.05, -0.15, 0.27)(-0.01, -0.14, 0.28)(0.01, -0.13, 0.30)(0.03, -0.12, 0.30)(-0.06, -0.15, 0.28)(-0.03, -0.12, 0.32)(-0.03, -0.15, 0.34)(-0.04, -0.16, 0.32)(-0.04, -0.15, 0.31)(-0.07, -0.15, 0.28)(-0.05, -0.12, 0.32)(-0.05, -0.15, 0.34)(-0.05, -0.16, 0.32)(-0.05, -0.15, 0.30)(-0.08, -0.14, 0.28)(-0.07, -0.12, 0.32)(-0.07, -0.16, 0.34)(-0.06, -0.16, 0.32)(-0.06, -0.15, 0.30)(-0.09, -0.15, 0.28)(-0.09, -0.13, 0.33)(-0.08, -0.15, 0.34)(-0.08, -0.16, 0.32)(-0.07, -0.15, 0.31)
(-0.08, -0.15, 0.26)(-0.07, -0.13, 0.30)(-0.05, -0.15, 0.27)(-0.01, -0.14, 0.28)(0.01, -0.13, 0.30)(0.03, -0.12, 0.30)(-0.06, -0.15, 0.28)(-0.03, -0.12, 0.32)(-0.03, -0.15, 0.34)(-0.04, -0.16, 0.32)(-0.04, -0.15, 0.31)(-0.07, -0.15, 0.28)(-0.05, -0.12, 0.32)(-0.05, -0.15, 0.34)(-0.05, -0.16, 0.32)(-0.05, -0.15, 0.30)(-0.08, -0.14, 0.28)(-0.07, -0.12, 0.32)(-0.07, -0.16, 0.34)(-0.06, -0.16, 0.32)(-0.06, -0.15, 0.30)(-0.09, -0.15, 0.28)(-0.09, -0.13, 0.33)(-0.08, -0.15, 0.34)(-0.08, -0.16, 0.32)(-0.07, -0.15, 0.31)
(-0.22, -0.17, 0.31)(-0.22, -0.15, 0.35)(-0.20, -0.17, 0.33)(-0.16, -0.16, 0.35)(-0.14, -0.15, 0.37)(-0.12, -0.15, 0.37)(-0.21, -0.17, 0.33)(-0.18, -0.14, 0.38)(-0.19, -0.17, 0.40)(-0.19, -0.18, 0.38)(-0.19, -0.18, 0.36)(-0.22, -0.16, 0.33)(-0.21, -0.14, 0.38)(-0.21, -0.18, 0.40)(-0.21, -0.18, 0.37)(-0.20, -0.17, 0.36)(-0.23, -0.16, 0.33)(-0.23, -0.15, 0.38)(-0.23, -0.18, 0.40)(-0.22, -0.18, 0.37)(-0.22, -0.17, 0.36)(-0.24, -0.16, 0.33)(-0.24, -0.15, 0.38)(-0.24, -0.17, 0.39)(-0.24, -0.18, 0.37)(-0.23, -0.18, 0.36)
(-0.23, -0.16, 0.30)(-0.24, -0.15, 0.35)(-0.21, -0.17, 0.33)(-0.18, -0.16, 0.36)(-0.17, -0.16, 0.38)(-0.15, -0.16, 0.40)(-0.22, -0.16, 0.33)(-0.21, -0.15, 0.38)(-0.22, -0.18, 0.40)(-0.22, -0.18, 0.38)(-0.22, -0.17, 0.37)(-0.23, -0.16, 0.32)(-0.23, -0.14, 0.38)(-0.24, -0.18, 0.40)(-0.23, -0.18, 0.37)(-0.23, -0.17, 0.36)(-0.24, -0.16, 0.32)(-0.25, -0.14, 0.37)(-0.26, -0.18, 0.39)(-0.25, -0.18, 0.37)(-0.24, -0.17, 0.35)(-0.25, -0.16, 0.32)(-0.27, -0.15, 0.37)(-0.27, -0.17, 0.37)(-0.26, -0.18, 0.36)(-0.25, -0.17, 0.35)
(-0.07, -0.15, 0.28)(-0.07, -0.13, 0.32)(-0.05, -0.15, 0.29)(-0.01, -0.15, 0.31)(0.01, -0.15, 0.33)(0.03, -0.14, 0.34)(-0.06, -0.15, 0.29)(-0.03, -0.13, 0.34)(-0.03, -0.16, 0.37)(-0.04, -0.17, 0.34)(-0.04, -0.16, 0.33)(-0.07, -0.15, 0.29)(-0.05, -0.12, 0.34)(-0.06, -0.16, 0.36)(-0.06, -0.17, 0.34)(-0.05, -0.16, 0.32)(-0.08, -0.14, 0.30)(-0.07, -0.13, 0.34)(-0.07, -0.16, 0.36)(-0.07, -0.16, 0.34)(-0.06, -0.15, 0.32)(-0.09, -0.14, 0.30)(-0.09, -0.13, 0.35)(-0.09, -0.15, 0.36)(-0.09, -0.16, 0.34)(-0.08, -0.16, 0.33)
(-0.04, -0.14, 0.25)(-0.03, -0.13, 0.29)(-0.01, -0.15, 0.26)(0.03, -0.14, 0.27)(0.05, -0.13, 0.29)(0.07, -0.13, 0.29)(-0.02, -0.14, 0.27)(0.01, -0.12, 0.31)(0.02, -0.15, 0.33)(0.01, -0.16, 0.31)(0.00, -0.15, 0.30)(-0.03, -0.14, 0.27)(-0.01, -0.12, 0.31)(-0.01, -0.15, 0.33)(-0.01, -0.16, 0.31)(-0.01, -0.15, 0.29)(-0.04, -0.14, 0.27)(-0.03, -0.12, 0.32)(-0.02, -0.15, 0.33)(-0.02, -0.16, 0.31)(-0.02, -0.15, 0.30)(-0.05, -0.14, 0.27)(-0.05, -0.13, 0.32)(-0.04, -0.15, 0.33)(-0.04, -0.16, 0.31)(-0.03, -0.15, 0.30)
(-0.18, -0.16, 0.29)(-0.17, -0.15, 0.34)(-0.15, -0.17, 0.31)(-0.11, -0.16, 0.33)(-0.09, -0.16, 0.35)(-0.07, -0.16, 0.35)(-0.16, -0.16, 0.31)(-0.14, -0.15, 0.36)(-0.14, -0.17, 0.38)(-0.14, -0.18, 0.36)(-0.14, -0.18, 0.35)(-0.17, -0.16, 0.31)(-0.16, -0.14, 0.36)(-0.16, -0.17, 0.39)(-0.16, -0.18, 0.36)(-0.16, -0.17, 0.35)(-0.18, -0.16, 0.31)(-0.18, -0.15, 0.36)(-0.18, -0.18, 0.38)(-0.17, -0.18, 0.36)(-0.17, -0.17, 0.35)(-0.19, -0.16, 0.31)(-0.20, -0.15, 0.36)(-0.20, -0.17, 0.38)(-0.19, -0.18, 0.36)(-0.18, -0.17, 0.35)
(-0.18, -0.16, 0.29)(-0.17, -0.15, 0.34)(-0.15, -0.17, 0.31)(-0.11, -0.16, 0.33)(-0.09, -0.16, 0.35)(-0.07, -0.16, 0.35)(-0.16, -0.16, 0.31)(-0.14, -0.15, 0.36)(-0.14, -0.17, 0.38)(-0.14, -0.18, 0.36)(-0.14, -0.18, 0.35)(-0.17, -0.16, 0.31)(-0.16, -0.14, 0.36)(-0.16, -0.17, 0.39)(-0.16, -0.18, 0.36)(-0.16, -0.17, 0.35)(-0.18, -0.16, 0.31)(-0.18, -0.15, 0.36)(-0.18, -0.18, 0.38)(-0.17, -0.18, 0.36)(-0.17, -0.17, 0.35)(-0.19, -0.16, 0.31)(-0.20, -0.15, 0.36)(-0.20, -0.17, 0.38)(-0.19, -0.18, 0.36)(-0.18, -0.17, 0.35)
(-0.24, -0.17, 0.31)(-0.25, -0.16, 0.36)(-0.22, -0.18, 0.33)(-0.19, -0.18, 0.37)(-0.18, -0.18, 0.39)(-0.16, -0.18, 0.41)(-0.23, -0.17, 0.33)(-0.22, -0.17, 0.39)(-0.23, -0.19, 0.41)(-0.24, -0.20, 0.39)(-0.23, -0.19, 0.37)(-0.24, -0.17, 0.33)(-0.24, -0.16, 0.39)(-0.25, -0.20, 0.40)(-0.25, -0.20, 0.38)(-0.24, -0.19, 0.37)(-0.25, -0.17, 0.33)(-0.26, -0.16, 0.38)(-0.27, -0.19, 0.39)(-0.26, -0.20, 0.37)(-0.25, -0.18, 0.36)(-0.26, -0.17, 0.33)(-0.28, -0.16, 0.37)(-0.29, -0.19, 0.38)(-0.28, -0.19, 0.37)(-0.26, -0.19, 0.36)
(-0.10, -0.17, 0.29)(-0.10, -0.16, 0.34)(-0.08, -0.17, 0.31)(-0.04, -0.18, 0.34)(-0.03, -0.17, 0.36)(-0.01, -0.17, 0.37)(-0.09, -0.17, 0.31)(-0.07, -0.16, 0.37)(-0.07, -0.19, 0.39)(-0.08, -0.19, 0.37)(-0.08, -0.19, 0.35)(-0.10, -0.17, 0.31)(-0.09, -0.15, 0.37)(-0.10, -0.19, 0.38)(-0.09, -0.19, 0.35)(-0.09, -0.18, 0.34)(-0.11, -0.16, 0.31)(-0.11, -0.15, 0.36)(-0.11, -0.19, 0.37)(-0.11, -0.19, 0.35)(-0.10, -0.18, 0.34)(-0.12, -0.16, 0.31)(-0.13, -0.16, 0.36)(-0.13, -0.18, 0.37)(-0.12, -0.19, 0.35)(-0.11, -0.18, 0.34)
(-0.01, -0.16, 0.25)(0.00, -0.15, 0.29)(0.02, -0.16, 0.26)(0.06, -0.16, 0.28)(0.08, -0.16, 0.29)(0.10, -0.15, 0.30)(0.01, -0.16, 0.27)(0.04, -0.14, 0.31)(0.04, -0.17, 0.33)(0.03, -0.18, 0.31)(0.03, -0.17, 0.30)(0.00, -0.16, 0.27)(0.02, -0.14, 0.31)(0.02, -0.18, 0.33)(0.02, -0.18, 0.30)(0.02, -0.17, 0.29)(-0.01, -0.15, 0.27)(0.00, -0.14, 0.32)(0.00, -0.18, 0.33)(0.01, -0.18, 0.31)(0.01, -0.16, 0.29)(-0.02, -0.16, 0.27)(-0.02, -0.15, 0.32)(-0.02, -0.17, 0.33)(-0.01, -0.18, 0.31)(0.00, -0.17, 0.30)
(-0.04, -0.14, 0.24)(-0.02, -0.13, 0.29)(-0.01, -0.15, 0.25)(0.03, -0.15, 0.26)(0.05, -0.14, 0.28)(0.07, -0.14, 0.28)(-0.02, -0.14, 0.26)(0.01, -0.13, 0.30)(0.02, -0.16, 0.32)(0.01, -0.16, 0.31)(0.00, -0.16, 0.29)(-0.03, -0.14, 0.26)(-0.01, -0.12, 0.31)(0.00, -0.16, 0.33)(-0.01, -0.17, 0.30)(-0.01, -0.15, 0.29)(-0.04, -0.14, 0.26)(-0.03, -0.13, 0.31)(-0.02, -0.16, 0.33)(-0.02, -0.16, 0.31)(-0.02, -0.15, 0.29)(-0.05, -0.14, 0.27)(-0.04, -0.13, 0.32)(-0.04, -0.15, 0.33)(-0.04, -0.16, 0.31)(-0.03, -0.15, 0.30)
(-0.16, -0.15, 0.28)(-0.15, -0.14, 0.33)(-0.13, -0.16, 0.30)(-0.09, -0.16, 0.32)(-0.07, -0.16, 0.34)(-0.05, -0.16, 0.34)(-0.14, -0.16, 0.30)(-0.11, -0.14, 0.35)(-0.11, -0.17, 0.37)(-0.12, -0.18, 0.36)(-0.12, -0.17, 0.34)(-0.15, -0.15, 0.30)(-0.14, -0.14, 0.35)(-0.14, -0.17, 0.38)(-0.14, -0.18, 0.35)(-0.14, -0.17, 0.34)(-0.16, -0.15, 0.30)(-0.16, -0.14, 0.36)(-0.16, -0.17, 0.38)(-0.15, -0.18, 0.35)(-0.15, -0.17, 0.34)(-0.17, -0.15, 0.31)(-0.18, -0.15, 0.36)(-0.18, -0.16, 0.37)(-0.17, -0.17, 0.35)(-0.16, -0.17, 0.34)
(-0.22, -0.15, 0.31)(-0.22, -0.15, 0.36)(-0.20, -0.17, 0.33)(-0.17, -0.17, 0.36)(-0.15, -0.17, 0.38)(-0.13, -0.18, 0.39)(-0.21, -0.16, 0.33)(-0.20, -0.15, 0.39)(-0.20, -0.18, 0.41)(-0.21, -0.19, 0.38)(-0.20, -0.18, 0.37)(-0.22, -0.16, 0.33)(-0.22, -0.15, 0.38)(-0.22, -0.19, 0.40)(-0.22, -0.19, 0.37)(-0.21, -0.18, 0.36)(-0.23, -0.15, 0.33)(-0.23, -0.15, 0.38)(-0.24, -0.18, 0.39)(-0.23, -0.19, 0.37)(-0.23, -0.17, 0.36)(-0.24, -0.15, 0.33)(-0.25, -0.15, 0.38)(-0.26, -0.17, 0.39)(-0.25, -0.18, 0.37)(-0.24, -0.18, 0.36)
(-0.05, -0.14, 0.26)(-0.05, -0.14, 0.31)(-0.03, -0.15, 0.27)(0.01, -0.16, 0.29)(0.03, -0.16, 0.32)(0.05, -0.16, 0.32)(-0.04, -0.15, 0.28)(-0.01, -0.14, 0.33)(-0.01, -0.17, 0.35)(-0.02, -0.17, 0.33)(-0.02, -0.16, 0.31)(-0.05, -0.14, 0.28)(-0.03, -0.13, 0.33)(-0.03, -0.17, 0.35)(-0.04, -0.17, 0.32)(-0.03, -0.16, 0.31)(-0.06, -0.14, 0.28)(-0.05, -0.13, 0.33)(-0.05, -0.17, 0.34)(-0.05, -0.17, 0.32)(-0.05, -0.16, 0.31)(-0.07, -0.14, 0.28)(-0.07, -0.14, 0.33)(-0.07, -0.16, 0.34)(-0.07, -0.17, 0.32)(-0.06, -0.16, 0.31)
(-0.01, -0.15, 0.23)(0.01, -0.14, 0.28)(0.02, -0.16, 0.25)(0.06, -0.16, 0.26)(0.08, -0.17, 0.28)(0.10, -0.17, 0.29)(0.01, -0.15, 0.25)(0.04, -0.14, 0.30)(0.04, -0.18, 0.32)(0.03, -0.18, 0.30)(0.03, -0.17, 0.28)(0.00, -0.15, 0.25)(0.02, -0.14, 0.30)(0.02, -0.18, 0.32)(0.02, -0.18, 0.29)(0.02, -0.17, 0.28)(-0.01, -0.15, 0.26)(0.00, -0.14, 0.30)(0.00, -0.18, 0.32)(0.00, -0.18, 0.29)(0.01, -0.16, 0.28)(-0.02, -0.15, 0.26)(-0.02, -0.15, 0.31)(-0.02, -0.17, 0.32)(-0.01, -0.17, 0.30)(-0.01, -0.17, 0.29)
(-0.05, -0.15, 0.24)(-0.04, -0.14, 0.29)(-0.03, -0.16, 0.26)(0.01, -0.17, 0.27)(0.04, -0.17, 0.29)(0.06, -0.17, 0.29)(-0.04, -0.15, 0.26)(0.00, -0.14, 0.31)(0.00, -0.17, 0.33)(-0.01, -0.18, 0.31)(-0.02, -0.17, 0.29)(-0.05, -0.15, 0.26)(-0.02, -0.14, 0.31)(-0.02, -0.18, 0.33)(-0.03, -0.18, 0.30)(-0.03, -0.17, 0.29)(-0.06, -0.15, 0.27)(-0.04, -0.14, 0.31)(-0.04, -0.17, 0.33)(-0.04, -0.18, 0.30)(-0.04, -0.16, 0.29)(-0.07, -0.15, 0.27)(-0.06, -0.14, 0.32)(-0.06, -0.17, 0.33)(-0.06, -0.17, 0.31)(-0.05, -0.16, 0.30)
(-0.16, -0.15, 0.29)(-0.15, -0.14, 0.34)(-0.14, -0.16, 0.30)(-0.10, -0.17, 0.32)(-0.08, -0.17, 0.34)(-0.06, -0.17, 0.35)(-0.15, -0.15, 0.31)(-0.12, -0.15, 0.36)(-0.12, -0.18, 0.38)(-0.13, -0.18, 0.36)(-0.13, -0.17, 0.34)(-0.16, -0.15, 0.31)(-0.14, -0.14, 0.36)(-0.14, -0.18, 0.38)(-0.15, -0.18, 0.35)(-0.14, -0.17, 0.34)(-0.17, -0.15, 0.31)(-0.16, -0.14, 0.36)(-0.16, -0.17, 0.38)(-0.16, -0.18, 0.35)(-0.16, -0.17, 0.34)(-0.18, -0.15, 0.31)(-0.18, -0.14, 0.36)(-0.18, -0.16, 0.37)(-0.18, -0.17, 0.36)(-0.17, -0.17, 0.34)
(-0.21, -0.14, 0.30)(-0.21, -0.14, 0.35)(-0.19, -0.15, 0.32)(-0.16, -0.16, 0.35)(-0.14, -0.16, 0.38)(-0.12, -0.17, 0.39)(-0.20, -0.15, 0.32)(-0.19, -0.14, 0.38)(-0.19, -0.17, 0.40)(-0.20, -0.18, 0.38)(-0.19, -0.17, 0.36)(-0.21, -0.14, 0.32)(-0.21, -0.13, 0.38)(-0.21, -0.17, 0.40)(-0.21, -0.18, 0.37)(-0.20, -0.16, 0.36)(-0.22, -0.14, 0.32)(-0.22, -0.14, 0.37)(-0.23, -0.17, 0.39)(-0.22, -0.17, 0.37)(-0.22, -0.16, 0.36)(-0.23, -0.14, 0.32)(-0.24, -0.14, 0.37)(-0.25, -0.16, 0.38)(-0.24, -0.17, 0.37)(-0.23, -0.16, 0.36)
(-0.18, -0.14, 0.30)(-0.19, -0.13, 0.35)(-0.16, -0.15, 0.32)(-0.13, -0.15, 0.35)(-0.11, -0.16, 0.37)(-0.10, -0.16, 0.38)(-0.17, -0.14, 0.32)(-0.16, -0.14, 0.38)(-0.17, -0.17, 0.39)(-0.17, -0.17, 0.37)(-0.17, -0.16, 0.36)(-0.18, -0.14, 0.32)(-0.18, -0.13, 0.37)(-0.19, -0.17, 0.39)(-0.18, -0.17, 0.36)(-0.18, -0.16, 0.35)(-0.19, -0.14, 0.32)(-0.20, -0.13, 0.37)(-0.21, -0.17, 0.38)(-0.20, -0.17, 0.36)(-0.19, -0.15, 0.35)(-0.20, -0.14, 0.31)(-0.22, -0.14, 0.36)(-0.22, -0.16, 0.37)(-0.21, -0.16, 0.36)(-0.20, -0.16, 0.35)
(-0.05, -0.15, 0.25)(-0.05, -0.14, 0.30)(-0.03, -0.16, 0.27)(0.01, -0.16, 0.29)(0.03, -0.16, 0.31)(0.05, -0.17, 0.32)(-0.04, -0.15, 0.27)(-0.01, -0.14, 0.33)(-0.01, -0.17, 0.35)(-0.02, -0.18, 0.33)(-0.02, -0.17, 0.31)(-0.05, -0.15, 0.27)(-0.03, -0.13, 0.33)(-0.04, -0.17, 0.35)(-0.04, -0.18, 0.32)(-0.03, -0.16, 0.31)(-0.06, -0.15, 0.27)(-0.05, -0.14, 0.32)(-0.06, -0.17, 0.34)(-0.05, -0.17, 0.32)(-0.05, -0.16, 0.30)(-0.07, -0.15, 0.28)(-0.07, -0.14, 0.33)(-0.07, -0.16, 0.34)(-0.07, -0.17, 0.32)(-0.06, -0.16, 0.31)
(-0.03, -0.15, 0.23)(-0.01, -0.14, 0.27)(0.00, -0.15, 0.24)(0.04, -0.16, 0.25)(0.07, -0.16, 0.27)(0.09, -0.16, 0.27)(-0.01, -0.15, 0.25)(0.03, -0.14, 0.29)(0.03, -0.17, 0.31)(0.02, -0.17, 0.29)(0.01, -0.16, 0.28)(-0.02, -0.15, 0.25)(0.01, -0.13, 0.29)(0.01, -0.17, 0.31)(0.00, -0.17, 0.29)(0.00, -0.16, 0.28)(-0.03, -0.14, 0.25)(-0.01, -0.13, 0.30)(-0.01, -0.17, 0.32)(-0.01, -0.17, 0.29)(-0.01, -0.16, 0.28)(-0.04, -0.14, 0.25)(-0.03, -0.14, 0.30)(-0.03, -0.16, 0.32)(-0.03, -0.16, 0.30)(-0.02, -0.16, 0.29)
(-0.11, -0.14, 0.27)(-0.09, -0.13, 0.31)(-0.08, -0.15, 0.28)(-0.04, -0.16, 0.29)(-0.01, -0.16, 0.31)(0.00, -0.16, 0.31)(-0.09, -0.15, 0.28)(-0.05, -0.13, 0.33)(-0.05, -0.16, 0.35)(-0.07, -0.17, 0.33)(-0.07, -0.16, 0.32)(-0.10, -0.14, 0.28)(-0.07, -0.13, 0.33)(-0.08, -0.16, 0.36)(-0.08, -0.17, 0.33)(-0.08, -0.16, 0.32)(-0.11, -0.14, 0.29)(-0.09, -0.13, 0.34)(-0.10, -0.16, 0.36)(-0.10, -0.17, 0.33)(-0.09, -0.15, 0.32)(-0.12, -0.14, 0.29)(-0.11, -0.13, 0.34)(-0.12, -0.15, 0.35)(-0.11, -0.16, 0.34)(-0.10, -0.15, 0.32)
(-0.20, -0.14, 0.30)(-0.20, -0.14, 0.35)(-0.18, -0.15, 0.32)(-0.14, -0.16, 0.35)(-0.12, -0.16, 0.37)(-0.11, -0.16, 0.38)(-0.19, -0.15, 0.32)(-0.17, -0.14, 0.38)(-0.17, -0.17, 0.40)(-0.18, -0.18, 0.37)(-0.18, -0.17, 0.36)(-0.20, -0.14, 0.32)(-0.19, -0.13, 0.38)(-0.20, -0.17, 0.39)(-0.19, -0.18, 0.37)(-0.19, -0.16, 0.36)(-0.21, -0.14, 0.32)(-0.21, -0.14, 0.37)(-0.22, -0.17, 0.39)(-0.21, -0.17, 0.37)(-0.20, -0.16, 0.36)(-0.22, -0.14, 0.32)(-0.23, -0.14, 0.37)(-0.23, -0.16, 0.38)(-0.22, -0.17, 0.37)(-0.21, -0.16, 0.36)
(-0.20, -0.14, 0.30)(-0.20, -0.13, 0.35)(-0.18, -0.15, 0.32)(-0.14, -0.15, 0.35)(-0.13, -0.15, 0.37)(-0.11, -0.15, 0.38)(-0.19, -0.14, 0.32)(-0.17, -0.13, 0.38)(-0.18, -0.16, 0.40)(-0.18, -0.17, 0.37)(-0.18, -0.16, 0.36)(-0.20, -0.14, 0.32)(-0.19, -0.13, 0.38)(-0.20, -0.17, 0.39)(-0.19, -0.17, 0.36)(-0.19, -0.16, 0.36)(-0.21, -0.14, 0.32)(-0.21, -0.13, 0.37)(-0.22, -0.17, 0.38)(-0.21, -0.17, 0.36)(-0.20, -0.15, 0.35)(-0.22, -0.14, 0.32)(-0.23, -0.14, 0.37)(-0.24, -0.16, 0.37)(-0.22, -0.16, 0.36)(-0.21, -0.16, 0.35)
(-0.03, -0.15, 0.25)(-0.01, -0.14, 0.30)(0.00, -0.16, 0.27)(0.04, -0.16, 0.28)(0.06, -0.16, 0.30)(0.08, -0.16, 0.31)(-0.01, -0.15, 0.27)(0.02, -0.14, 0.32)(0.02, -0.17, 0.34)(0.01, -0.18, 0.32)(0.01, -0.17, 0.30)(-0.02, -0.15, 0.27)(0.00, -0.14, 0.32)(0.00, -0.18, 0.34)(0.00, -0.18, 0.31)(0.00, -0.17, 0.30)(-0.03, -0.15, 0.28)(-0.02, -0.14, 0.32)(-0.02, -0.17, 0.34)(-0.02, -0.18, 0.32)(-0.01, -0.16, 0.30)(-0.04, -0.15, 0.28)(-0.04, -0.15, 0.33)(-0.04, -0.17, 0.34)(-0.03, -0.17, 0.32)(-0.02, -0.17, 0.31)
(-0.01, -0.15, 0.24)(0.01, -0.14, 0.29)(0.02, -0.16, 0.25)(0.06, -0.16, 0.27)(0.08, -0.16, 0.29)(0.10, -0.16, 0.29)(0.01, -0.15, 0.26)(0.04, -0.14, 0.30)(0.04, -0.17, 0.32)(0.03, -0.18, 0.30)(0.03, -0.17, 0.29)(0.00, -0.15, 0.26)(0.02, -0.14, 0.31)(0.02, -0.18, 0.32)(0.02, -0.18, 0.30)(0.02, -0.16, 0.29)(-0.01, -0.15, 0.26)(0.00, -0.14, 0.31)(0.00, -0.18, 0.32)(0.00, -0.18, 0.30)(0.01, -0.16, 0.29)(-0.02, -0.15, 0.26)(-0.02, -0.15, 0.31)(-0.02, -0.17, 0.32)(-0.01, -0.17, 0.30)(0.00, -0.17, 0.29)
(-0.10, -0.15, 0.27)(-0.09, -0.14, 0.32)(-0.08, -0.15, 0.28)(-0.04, -0.16, 0.30)(-0.01, -0.16, 0.32)(0.01, -0.16, 0.32)(-0.09, -0.15, 0.29)(-0.05, -0.14, 0.34)(-0.05, -0.17, 0.36)(-0.06, -0.18, 0.34)(-0.06, -0.17, 0.32)(-0.09, -0.15, 0.29)(-0.07, -0.13, 0.34)(-0.07, -0.17, 0.36)(-0.08, -0.18, 0.33)(-0.08, -0.16, 0.32)(-0.10, -0.14, 0.29)(-0.09, -0.14, 0.34)(-0.09, -0.17, 0.36)(-0.09, -0.17, 0.34)(-0.09, -0.16, 0.32)(-0.11, -0.15, 0.30)(-0.11, -0.14, 0.35)(-0.11, -0.16, 0.36)(-0.11, -0.17, 0.34)(-0.10, -0.16, 0.33)
(-0.20, -0.14, 0.30)(-0.20, -0.14, 0.34)(-0.18, -0.15, 0.31)(-0.14, -0.16, 0.34)(-0.12, -0.16, 0.37)(-0.11, -0.16, 0.37)(-0.19, -0.15, 0.32)(-0.17, -0.14, 0.37)(-0.17, -0.17, 0.39)(-0.18, -0.18, 0.37)(-0.18, -0.17, 0.36)(-0.20, -0.15, 0.32)(-0.19, -0.14, 0.37)(-0.20, -0.17, 0.39)(-0.19, -0.18, 0.36)(-0.19, -0.17, 0.35)(-0.21, -0.14, 0.31)(-0.21, -0.14, 0.37)(-0.22, -0.17, 0.38)(-0.21, -0.18, 0.36)(-0.20, -0.17, 0.35)(-0.22, -0.14, 0.31)(-0.23, -0.14, 0.36)(-0.23, -0.16, 0.37)(-0.22, -0.17, 0.36)(-0.21, -0.17, 0.35)
(-0.20, -0.13, 0.30)(-0.21, -0.13, 0.35)(-0.18, -0.14, 0.32)(-0.15, -0.15, 0.35)(-0.13, -0.15, 0.38)(-0.12, -0.15, 0.39)(-0.19, -0.14, 0.32)(-0.18, -0.13, 0.38)(-0.18, -0.16, 0.40)(-0.19, -0.17, 0.37)(-0.18, -0.16, 0.36)(-0.20, -0.14, 0.32)(-0.20, -0.13, 0.38)(-0.20, -0.17, 0.39)(-0.20, -0.17, 0.36)(-0.19, -0.16, 0.35)(-0.21, -0.14, 0.32)(-0.22, -0.13, 0.37)(-0.22, -0.17, 0.38)(-0.21, -0.17, 0.36)(-0.20, -0.15, 0.35)(-0.22, -0.14, 0.32)(-0.24, -0.14, 0.37)(-0.24, -0.16, 0.37)(-0.23, -0.16, 0.36)(-0.22, -0.16, 0.35)
(-0.08, -0.14, 0.28)(-0.07, -0.14, 0.33)(-0.06, -0.15, 0.29)(-0.02, -0.15, 0.31)(0.00, -0.15, 0.34)(0.02, -0.15, 0.34)(-0.07, -0.15, 0.30)(-0.04, -0.14, 0.35)(-0.04, -0.17, 0.37)(-0.05, -0.17, 0.35)(-0.05, -0.16, 0.33)(-0.07, -0.14, 0.30)(-0.06, -0.13, 0.35)(-0.06, -0.17, 0.37)(-0.06, -0.17, 0.34)(-0.06, -0.16, 0.33)(-0.08, -0.14, 0.30)(-0.08, -0.13, 0.35)(-0.08, -0.17, 0.36)(-0.08, -0.17, 0.34)(-0.07, -0.16, 0.33)(-0.09, -0.14, 0.30)(-0.10, -0.14, 0.35)(-0.10, -0.16, 0.36)(-0.09, -0.17, 0.34)(-0.08, -0.16, 0.33)
(-0.01, -0.15, 0.24)(0.00, -0.15, 0.29)(0.01, -0.16, 0.25)(0.06, -0.17, 0.27)(0.08, -0.17, 0.29)(0.10, -0.17, 0.29)(0.01, -0.16, 0.26)(0.04, -0.15, 0.31)(0.04, -0.18, 0.32)(0.03, -0.18, 0.30)(0.03, -0.17, 0.29)(0.00, -0.16, 0.26)(0.02, -0.14, 0.31)(0.02, -0.18, 0.33)(0.02, -0.18, 0.30)(0.02, -0.17, 0.29)(-0.01, -0.15, 0.26)(0.00, -0.14, 0.31)(0.00, -0.18, 0.33)(0.00, -0.18, 0.30)(0.01, -0.17, 0.29)(-0.02, -0.15, 0.27)(-0.02, -0.15, 0.32)(-0.02, -0.17, 0.33)(-0.01, -0.18, 0.31)(-0.01, -0.17, 0.30)
(-0.16, -0.14, 0.30)(-0.15, -0.14, 0.35)(-0.14, -0.15, 0.31)(-0.10, -0.16, 0.33)(-0.08, -0.16, 0.35)(-0.06, -0.16, 0.36)(-0.15, -0.15, 0.32)(-0.12, -0.14, 0.37)(-0.12, -0.17, 0.39)(-0.13, -0.18, 0.37)(-0.13, -0.17, 0.35)(-0.16, -0.14, 0.32)(-0.14, -0.13, 0.37)(-0.14, -0.17, 0.39)(-0.15, -0.18, 0.36)(-0.14, -0.16, 0.35)(-0.17, -0.14, 0.32)(-0.16, -0.14, 0.37)(-0.16, -0.17, 0.39)(-0.16, -0.17, 0.37)(-0.15, -0.16, 0.35)(-0.18, -0.14, 0.32)(-0.18, -0.14, 0.37)(-0.18, -0.16, 0.38)(-0.18, -0.17, 0.37)(-0.17, -0.16, 0.36)
(-0.22, -0.14, 0.31)(-0.22, -0.14, 0.36)(-0.20, -0.15, 0.33)(-0.16, -0.15, 0.36)(-0.14, -0.16, 0.38)(-0.12, -0.16, 0.39)(-0.21, -0.14, 0.34)(-0.19, -0.14, 0.39)(-0.19, -0.17, 0.41)(-0.20, -0.17, 0.39)(-0.20, -0.16, 0.38)(-0.22, -0.14, 0.33)(-0.21, -0.13, 0.39)(-0.21, -0.17, 0.41)(-0.21, -0.17, 0.38)(-0.21, -0.16, 0.37)(-0.23, -0.14, 0.33)(-0.23, -0.13, 0.39)(-0.23, -0.17, 0.40)(-0.23, -0.17, 0.38)(-0.22, -0.16, 0.37)(-0.24, -0.14, 0.33)(-0.25, -0.14, 0.38)(-0.25, -0.16, 0.39)(-0.24, -0.17, 0.38)(-0.23, -0.16, 0.37)
(-0.18, -0.14, 0.31)(-0.18, -0.14, 0.36)(-0.16, -0.15, 0.33)(-0.12, -0.15, 0.35)(-0.10, -0.16, 0.38)(-0.09, -0.16, 0.39)(-0.17, -0.14, 0.33)(-0.15, -0.14, 0.38)(-0.15, -0.17, 0.40)(-0.16, -0.17, 0.38)(-0.16, -0.16, 0.37)(-0.18, -0.14, 0.33)(-0.17, -0.13, 0.38)(-0.18, -0.17, 0.40)(-0.17, -0.17, 0.37)(-0.17, -0.16, 0.36)(-0.19, -0.14, 0.33)(-0.19, -0.14, 0.38)(-0.19, -0.17, 0.39)(-0.19, -0.17, 0.37)(-0.18, -0.16, 0.36)(-0.20, -0.14, 0.32)(-0.21, -0.14, 0.37)(-0.21, -0.16, 0.38)(-0.20, -0.17, 0.37)(-0.19, -0.16, 0.36)
(-0.07, -0.15, 0.28)(-0.07, -0.14, 0.33)(-0.05, -0.15, 0.30)(-0.01, -0.16, 0.32)(0.01, -0.16, 0.34)(0.03, -0.16, 0.35)(-0.06, -0.15, 0.30)(-0.03, -0.14, 0.35)(-0.03, -0.17, 0.37)(-0.04, -0.18, 0.35)(-0.04, -0.17, 0.34)(-0.07, -0.15, 0.30)(-0.05, -0.14, 0.35)(-0.06, -0.18, 0.37)(-0.05, -0.18, 0.34)(-0.05, -0.16, 0.33)(-0.08, -0.15, 0.30)(-0.07, -0.14, 0.35)(-0.07, -0.18, 0.36)(-0.07, -0.18, 0.34)(-0.06, -0.16, 0.33)(-0.09, -0.15, 0.30)(-0.09, -0.15, 0.35)(-0.09, -0.17, 0.36)(-0.09, -0.17, 0.34)(-0.08, -0.17, 0.33)
(-0.02, -0.15, 0.24)(0.00, -0.14, 0.29)(0.01, -0.16, 0.25)(0.05, -0.16, 0.27)(0.08, -0.16, 0.28)(0.10, -0.16, 0.29)(0.00, -0.15, 0.26)(0.04, -0.14, 0.30)(0.04, -0.17, 0.32)(0.03, -0.17, 0.30)(0.03, -0.16, 0.29)(-0.01, -0.15, 0.26)(0.02, -0.13, 0.31)(0.02, -0.17, 0.33)(0.01, -0.17, 0.30)(0.01, -0.16, 0.29)(-0.02, -0.15, 0.26)(0.00, -0.14, 0.31)(0.00, -0.17, 0.33)(0.00, -0.17, 0.30)(0.00, -0.16, 0.29)(-0.03, -0.15, 0.27)(-0.02, -0.14, 0.32)(-0.02, -0.16, 0.33)(-0.02, -0.17, 0.31)(-0.01, -0.16, 0.30)
(-0.10, -0.14, 0.27)(-0.08, -0.14, 0.31)(-0.07, -0.15, 0.28)(-0.03, -0.16, 0.29)(0.00, -0.16, 0.31)(0.02, -0.16, 0.31)(-0.08, -0.15, 0.28)(-0.04, -0.14, 0.33)(-0.04, -0.17, 0.35)(-0.05, -0.17, 0.33)(-0.06, -0.16, 0.32)(-0.09, -0.15, 0.29)(-0.06, -0.13, 0.33)(-0.06, -0.17, 0.35)(-0.07, -0.17, 0.33)(-0.07, -0.16, 0.32)(-0.10, -0.14, 0.29)(-0.08, -0.13, 0.34)(-0.08, -0.17, 0.35)(-0.08, -0.17, 0.33)(-0.08, -0.16, 0.32)(-0.11, -0.14, 0.29)(-0.10, -0.14, 0.34)(-0.10, -0.16, 0.35)(-0.10, -0.17, 0.34)(-0.09, -0.16, 0.32)
(-0.20, -0.15, 0.30)(-0.20, -0.14, 0.35)(-0.18, -0.16, 0.32)(-0.14, -0.16, 0.35)(-0.12, -0.16, 0.37)(-0.10, -0.16, 0.38)(-0.19, -0.15, 0.32)(-0.17, -0.14, 0.38)(-0.17, -0.17, 0.40)(-0.18, -0.18, 0.38)(-0.17, -0.17, 0.36)(-0.19, -0.15, 0.32)(-0.19, -0.14, 0.38)(-0.19, -0.17, 0.40)(-0.19, -0.18, 0.37)(-0.19, -0.17, 0.36)(-0.21, -0.15, 0.32)(-0.21, -0.14, 0.37)(-0.21, -0.17, 0.39)(-0.20, -0.18, 0.37)(-0.20, -0.17, 0.35)(-0.21, -0.15, 0.32)(-0.23, -0.15, 0.37)(-0.23, -0.17, 0.38)(-0.22, -0.17, 0.37)(-0.21, -0.17, 0.36)
(-0.18, -0.14, 0.30)(-0.18, -0.14, 0.35)(-0.16, -0.15, 0.32)(-0.12, -0.16, 0.35)(-0.10, -0.16, 0.37)(-0.09, -0.16, 0.38)(-0.17, -0.15, 0.32)(-0.15, -0.14, 0.38)(-0.15, -0.17, 0.40)(-0.16, -0.18, 0.37)(-0.16, -0.17, 0.36)(-0.18, -0.15, 0.32)(-0.17, -0.14, 0.38)(-0.17, -0.18, 0.39)(-0.17, -0.18, 0.36)(-0.17, -0.16, 0.35)(-0.19, -0.14, 0.32)(-0.19, -0.14, 0.37)(-0.19, -0.18, 0.38)(-0.18, -0.18, 0.36)(-0.18, -0.16, 0.35)(-0.20, -0.15, 0.32)(-0.21, -0.15, 0.37)(-0.21, -0.17, 0.37)(-0.20, -0.17, 0.36)(-0.19, -0.17, 0.35)
(-0.05, -0.15, 0.27)(-0.04, -0.14, 0.31)(-0.02, -0.15, 0.28)(0.02, -0.16, 0.30)(0.04, -0.16, 0.32)(0.06, -0.16, 0.32)(-0.03, -0.15, 0.28)(0.00, -0.14, 0.33)(0.00, -0.17, 0.35)(-0.01, -0.18, 0.33)(-0.01, -0.17, 0.32)(-0.04, -0.15, 0.29)(-0.02, -0.14, 0.34)(-0.02, -0.18, 0.35)(-0.02, -0.18, 0.32)(-0.02, -0.16, 0.31)(-0.05, -0.15, 0.29)(-0.04, -0.14, 0.34)(-0.04, -0.18, 0.35)(-0.04, -0.18, 0.33)(-0.04, -0.16, 0.31)(-0.06, -0.15, 0.29)(-0.06, -0.15, 0.34)(-0.06, -0.17, 0.35)(-0.05, -0.17, 0.33)(-0.05, -0.16, 0.32)
(-0.03, -0.14, 0.25)(-0.02, -0.13, 0.29)(-0.01, -0.15, 0.26)(0.04, -0.15, 0.27)(0.06, -0.15, 0.29)(0.08, -0.15, 0.29)(-0.01, -0.14, 0.26)(0.02, -0.13, 0.31)(0.03, -0.16, 0.33)(0.01, -0.17, 0.31)(0.01, -0.16, 0.29)(-0.02, -0.14, 0.27)(0.00, -0.13, 0.31)(0.00, -0.17, 0.33)(0.00, -0.17, 0.30)(0.00, -0.15, 0.29)(-0.03, -0.14, 0.27)(-0.02, -0.13, 0.32)(-0.02, -0.17, 0.33)(-0.02, -0.17, 0.31)(-0.01, -0.15, 0.29)(-0.04, -0.14, 0.27)(-0.04, -0.14, 0.32)(-0.04, -0.16, 0.33)(-0.03, -0.16, 0.31)(-0.03, -0.15, 0.30)
(-0.03, -0.14, 0.25)(-0.02, -0.13, 0.29)(-0.01, -0.15, 0.26)(0.04, -0.15, 0.27)(0.06, -0.15, 0.29)(0.08, -0.15, 0.29)(-0.01, -0.14, 0.26)(0.02, -0.13, 0.31)(0.03, -0.16, 0.33)(0.01, -0.17, 0.31)(0.01, -0.16, 0.29)(-0.02, -0.14, 0.27)(0.00, -0.13, 0.31)(0.00, -0.17, 0.33)(0.00, -0.17, 0.30)(0.00, -0.15, 0.29)(-0.03, -0.14, 0.27)(-0.02, -0.13, 0.32)(-0.02, -0.17, 0.33)(-0.02, -0.17, 0.31)(-0.01, -0.15, 0.29)(-0.04, -0.14, 0.27)(-0.04, -0.14, 0.32)(-0.04, -0.16, 0.33)(-0.03, -0.16, 0.31)(-0.03, -0.15, 0.30)
(-0.17, -0.14, 0.29)(-0.16, -0.13, 0.34)(-0.14, -0.14, 0.30)(-0.10, -0.15, 0.33)(-0.08, -0.15, 0.35)(-0.06, -0.15, 0.35)(-0.15, -0.14, 0.31)(-0.12, -0.13, 0.36)(-0.12, -0.16, 0.38)(-0.13, -0.17, 0.36)(-0.13, -0.16, 0.35)(-0.16, -0.14, 0.31)(-0.14, -0.13, 0.36)(-0.15, -0.16, 0.38)(-0.15, -0.17, 0.35)(-0.15, -0.16, 0.34)(-0.17, -0.14, 0.31)(-0.16, -0.13, 0.36)(-0.17, -0.16, 0.38)(-0.16, -0.17, 0.36)(-0.16, -0.15, 0.34)(-0.18, -0.14, 0.31)(-0.18, -0.13, 0.36)(-0.18, -0.15, 0.37)(-0.18, -0.16, 0.36)(-0.17, -0.16, 0.35)
(-0.20, -0.14, 0.30)(-0.21, -0.14, 0.35)(-0.18, -0.15, 0.32)(-0.15, -0.15, 0.35)(-0.13, -0.16, 0.37)(-0.11, -0.16, 0.38)(-0.19, -0.14, 0.32)(-0.18, -0.14, 0.38)(-0.18, -0.17, 0.40)(-0.19, -0.17, 0.37)(-0.18, -0.16, 0.36)(-0.20, -0.14, 0.32)(-0.20, -0.13, 0.38)(-0.20, -0.17, 0.39)(-0.20, -0.17, 0.36)(-0.20, -0.16, 0.35)(-0.21, -0.14, 0.32)(-0.22, -0.14, 0.37)(-0.22, -0.17, 0.38)(-0.21, -0.17, 0.36)(-0.21, -0.16, 0.35)(-0.22, -0.14, 0.32)(-0.24, -0.14, 0.37)(-0.24, -0.16, 0.38)(-0.23, -0.17, 0.36)(-0.22, -0.16, 0.35)
(-0.08, -0.14, 0.28)(-0.08, -0.14, 0.33)(-0.06, -0.15, 0.30)(-0.02, -0.15, 0.32)(0.00, -0.16, 0.34)(0.02, -0.15, 0.35)(-0.07, -0.15, 0.30)(-0.04, -0.14, 0.36)(-0.05, -0.17, 0.37)(-0.05, -0.18, 0.35)(-0.05, -0.17, 0.34)(-0.08, -0.14, 0.30)(-0.07, -0.14, 0.36)(-0.07, -0.17, 0.37)(-0.07, -0.18, 0.34)(-0.06, -0.16, 0.33)(-0.09, -0.14, 0.30)(-0.08, -0.14, 0.35)(-0.09, -0.17, 0.36)(-0.08, -0.18, 0.34)(-0.08, -0.16, 0.33)(-0.10, -0.14, 0.30)(-0.10, -0.15, 0.35)(-0.11, -0.17, 0.36)(-0.10, -0.17, 0.34)(-0.09, -0.16, 0.33)
(-0.01, -0.14, 0.24)(0.00, -0.13, 0.29)(0.01, -0.15, 0.26)(0.06, -0.15, 0.27)(0.08, -0.15, 0.29)(0.10, -0.15, 0.29)(0.00, -0.14, 0.26)(0.04, -0.13, 0.31)(0.04, -0.16, 0.33)(0.03, -0.17, 0.31)(0.03, -0.16, 0.29)(0.00, -0.14, 0.26)(0.02, -0.13, 0.31)(0.02, -0.16, 0.33)(0.02, -0.17, 0.30)(0.02, -0.16, 0.29)(-0.01, -0.14, 0.27)(0.00, -0.13, 0.31)(0.00, -0.17, 0.33)(0.00, -0.17, 0.31)(0.00, -0.15, 0.29)(-0.02, -0.14, 0.27)(-0.02, -0.14, 0.32)(-0.02, -0.16, 0.33)(-0.01, -0.16, 0.31)(-0.01, -0.16, 0.30)
(-0.06, -0.13, 0.25)(-0.04, -0.13, 0.30)(-0.03, -0.14, 0.26)(0.01, -0.14, 0.28)(0.03, -0.15, 0.29)(0.05, -0.14, 0.30)(-0.04, -0.14, 0.27)(0.00, -0.13, 0.32)(0.00, -0.16, 0.33)(-0.01, -0.16, 0.32)(-0.02, -0.15, 0.30)(-0.05, -0.14, 0.27)(-0.03, -0.12, 0.32)(-0.02, -0.16, 0.34)(-0.03, -0.16, 0.31)(-0.03, -0.15, 0.30)(-0.06, -0.13, 0.28)(-0.04, -0.13, 0.32)(-0.04, -0.16, 0.34)(-0.04, -0.16, 0.32)(-0.04, -0.15, 0.30)(-0.07, -0.13, 0.28)(-0.06, -0.13, 0.33)(-0.06, -0.15, 0.34)(-0.06, -0.16, 0.32)(-0.05, -0.15, 0.31)
(-0.19, -0.14, 0.30)(-0.19, -0.13, 0.34)(-0.17, -0.15, 0.31)(-0.13, -0.15, 0.34)(-0.11, -0.15, 0.36)(-0.09, -0.15, 0.37)(-0.18, -0.14, 0.32)(-0.16, -0.14, 0.37)(-0.16, -0.17, 0.39)(-0.17, -0.17, 0.37)(-0.16, -0.16, 0.36)(-0.19, -0.14, 0.32)(-0.18, -0.13, 0.37)(-0.18, -0.17, 0.39)(-0.18, -0.17, 0.36)(-0.18, -0.16, 0.35)(-0.20, -0.14, 0.32)(-0.20, -0.13, 0.37)(-0.20, -0.17, 0.38)(-0.19, -0.17, 0.36)(-0.19, -0.16, 0.35)(-0.21, -0.14, 0.32)(-0.22, -0.14, 0.37)(-0.22, -0.16, 0.38)(-0.21, -0.17, 0.36)(-0.20, -0.16, 0.35)
(-0.22, -0.14, 0.31)(-0.22, -0.14, 0.36)(-0.20, -0.15, 0.33)(-0.16, -0.15, 0.36)(-0.15, -0.15, 0.39)(-0.13, -0.15, 0.40)(-0.21, -0.14, 0.33)(-0.19, -0.14, 0.39)(-0.20, -0.17, 0.41)(-0.20, -0.17, 0.38)(-0.20, -0.16, 0.37)(-0.22, -0.14, 0.33)(-0.21, -0.13, 0.39)(-0.22, -0.17, 0.40)(-0.21, -0.17, 0.37)(-0.21, -0.16, 0.36)(-0.23, -0.14, 0.33)(-0.23, -0.14, 0.38)(-0.24, -0.17, 0.39)(-0.23, -0.17, 0.37)(-0.22, -0.16, 0.36)(-0.24, -0.14, 0.33)(-0.25, -0.14, 0.38)(-0.25, -0.17, 0.38)(-0.24, -0.17, 0.37)(-0.23, -0.16, 0.36)
(-0.08, -0.15, 0.29)(-0.08, -0.14, 0.34)(-0.06, -0.16, 0.31)(-0.02, -0.16, 0.33)(0.00, -0.16, 0.36)(0.01, -0.16, 0.37)(-0.07, -0.15, 0.31)(-0.05, -0.14, 0.37)(-0.05, -0.17, 0.38)(-0.06, -0.18, 0.36)(-0.05, -0.17, 0.35)(-0.08, -0.15, 0.31)(-0.07, -0.14, 0.36)(-0.07, -0.18, 0.38)(-0.07, -0.18, 0.35)(-0.07, -0.17, 0.34)(-0.09, -0.15, 0.31)(-0.09, -0.14, 0.36)(-0.09, -0.18, 0.37)(-0.08, -0.18, 0.35)(-0.08, -0.17, 0.34)(-0.10, -0.15, 0.31)(-0.11, -0.15, 0.36)(-0.11, -0.17, 0.37)(-0.10, -0.18, 0.35)(-0.09, -0.17, 0.34)
(-0.01, -0.14, 0.23)(0.01, -0.14, 0.28)(0.02, -0.15, 0.24)(0.06, -0.16, 0.25)(0.09, -0.16, 0.27)(0.10, -0.16, 0.28)(0.01, -0.15, 0.25)(0.05, -0.14, 0.29)(0.05, -0.17, 0.31)(0.04, -0.17, 0.29)(0.03, -0.16, 0.28)(0.00, -0.15, 0.25)(0.03, -0.13, 0.30)(0.03, -0.17, 0.31)(0.02, -0.17, 0.29)(0.02, -0.16, 0.28)(-0.01, -0.14, 0.25)(0.01, -0.14, 0.30)(0.01, -0.17, 0.31)(0.01, -0.17, 0.29)(0.01, -0.16, 0.28)(-0.02, -0.14, 0.26)(-0.01, -0.14, 0.31)(-0.01, -0.16, 0.31)(-0.01, -0.17, 0.30)(0.00, -0.16, 0.28)
(-0.06, -0.14, 0.26)(-0.04, -0.13, 0.30)(-0.03, -0.15, 0.27)(0.01, -0.15, 0.28)(0.03, -0.15, 0.30)(0.05, -0.15, 0.30)(-0.04, -0.15, 0.27)(0.00, -0.14, 0.32)(0.00, -0.17, 0.34)(-0.02, -0.17, 0.32)(-0.02, -0.16, 0.30)(-0.05, -0.14, 0.27)(-0.02, -0.13, 0.32)(-0.03, -0.17, 0.34)(-0.03, -0.17, 0.31)(-0.03, -0.16, 0.30)(-0.06, -0.14, 0.28)(-0.04, -0.13, 0.33)(-0.04, -0.17, 0.34)(-0.04, -0.17, 0.32)(-0.04, -0.16, 0.30)(-0.07, -0.14, 0.28)(-0.06, -0.14, 0.33)(-0.06, -0.16, 0.34)(-0.06, -0.16, 0.32)(-0.05, -0.16, 0.31)
(-0.18, -0.15, 0.30)(-0.18, -0.15, 0.35)(-0.16, -0.16, 0.32)(-0.12, -0.17, 0.35)(-0.10, -0.17, 0.37)(-0.08, -0.17, 0.38)(-0.17, -0.16, 0.32)(-0.15, -0.15, 0.38)(-0.15, -0.18, 0.40)(-0.16, -0.19, 0.37)(-0.15, -0.18, 0.36)(-0.17, -0.15, 0.32)(-0.17, -0.15, 0.38)(-0.17, -0.18, 0.39)(-0.17, -0.19, 0.37)(-0.16, -0.17, 0.36)(-0.18, -0.15, 0.32)(-0.19, -0.15, 0.37)(-0.19, -0.18, 0.39)(-0.18, -0.18, 0.37)(-0.18, -0.17, 0.35)(-0.19, -0.15, 0.32)(-0.21, -0.15, 0.37)(-0.21, -0.17, 0.38)(-0.20, -0.18, 0.37)(-0.19, -0.17, 0.36)
(-0.18, -0.15, 0.31)(-0.19, -0.15, 0.36)(-0.16, -0.16, 0.33)(-0.13, -0.17, 0.35)(-0.11, -0.17, 0.38)(-0.09, -0.17, 0.39)(-0.17, -0.16, 0.33)(-0.16, -0.15, 0.39)(-0.16, -0.18, 0.40)(-0.16, -0.19, 0.38)(-0.16, -0.18, 0.37)(-0.18, -0.16, 0.33)(-0.18, -0.15, 0.38)(-0.18, -0.19, 0.40)(-0.18, -0.19, 0.37)(-0.17, -0.18, 0.36)(-0.19, -0.15, 0.33)(-0.20, -0.15, 0.38)(-0.20, -0.19, 0.39)(-0.19, -0.19, 0.37)(-0.19, -0.17, 0.36)(-0.20, -0.15, 0.32)(-0.22, -0.16, 0.37)(-0.22, -0.18, 0.38)(-0.21, -0.18, 0.37)(-0.20, -0.18, 0.36)
(-0.04, -0.15, 0.27)(-0.04, -0.15, 0.31)(-0.02, -0.16, 0.28)(0.02, -0.16, 0.30)(0.04, -0.17, 0.32)(0.06, -0.17, 0.33)(-0.03, -0.16, 0.28)(0.00, -0.15, 0.34)(0.00, -0.18, 0.35)(-0.01, -0.19, 0.33)(-0.01, -0.17, 0.32)(-0.04, -0.15, 0.28)(-0.02, -0.14, 0.34)(-0.02, -0.18, 0.35)(-0.03, -0.18, 0.32)(-0.02, -0.17, 0.31)(-0.05, -0.15, 0.29)(-0.04, -0.15, 0.34)(-0.04, -0.18, 0.35)(-0.04, -0.18, 0.33)(-0.03, -0.17, 0.31)(-0.06, -0.15, 0.29)(-0.06, -0.15, 0.34)(-0.06, -0.18, 0.34)(-0.06, -0.18, 0.33)(-0.05, -0.17, 0.32)
(-0.01, -0.15, 0.23)(0.01, -0.14, 0.27)(0.02, -0.15, 0.24)(0.06, -0.16, 0.25)(0.09, -0.16, 0.26)(0.11, -0.16, 0.26)(0.01, -0.15, 0.24)(0.05, -0.14, 0.28)(0.05, -0.17, 0.30)(0.04, -0.17, 0.28)(0.04, -0.16, 0.27)(0.00, -0.15, 0.24)(0.03, -0.13, 0.29)(0.03, -0.17, 0.31)(0.02, -0.17, 0.28)(0.02, -0.16, 0.27)(-0.01, -0.15, 0.25)(0.01, -0.14, 0.29)(0.01, -0.17, 0.31)(0.01, -0.17, 0.28)(0.01, -0.16, 0.27)(-0.02, -0.15, 0.25)(-0.01, -0.14, 0.30)(-0.01, -0.16, 0.31)(0.00, -0.17, 0.29)(0.00, -0.16, 0.28)
(-0.12, -0.15, 0.28)(-0.11, -0.14, 0.33)(-0.09, -0.16, 0.29)(-0.05, -0.16, 0.31)(-0.03, -0.16, 0.33)(-0.01, -0.16, 0.33)(-0.10, -0.15, 0.30)(-0.07, -0.14, 0.35)(-0.07, -0.17, 0.37)(-0.08, -0.18, 0.35)(-0.08, -0.17, 0.33)(-0.11, -0.15, 0.30)(-0.09, -0.13, 0.35)(-0.09, -0.17, 0.37)(-0.09, -0.18, 0.34)(-0.09, -0.16, 0.33)(-0.12, -0.14, 0.30)(-0.11, -0.14, 0.35)(-0.11, -0.17, 0.37)(-0.11, -0.17, 0.35)(-0.10, -0.16, 0.33)(-0.13, -0.14, 0.31)(-0.13, -0.14, 0.36)(-0.13, -0.16, 0.37)(-0.12, -0.17, 0.35)(-0.12, -0.16, 0.34)
(-0.21, -0.15, 0.31)(-0.21, -0.15, 0.36)(-0.19, -0.16, 0.33)(-0.16, -0.17, 0.36)(-0.14, -0.17, 0.38)(-0.12, -0.17, 0.39)(-0.20, -0.16, 0.33)(-0.18, -0.15, 0.39)(-0.19, -0.18, 0.41)(-0.19, -0.19, 0.39)(-0.19, -0.18, 0.37)(-0.21, -0.16, 0.33)(-0.20, -0.15, 0.39)(-0.21, -0.19, 0.41)(-0.21, -0.19, 0.38)(-0.20, -0.18, 0.37)(-0.22, -0.15, 0.33)(-0.22, -0.15, 0.39)(-0.23, -0.19, 0.40)(-0.22, -0.19, 0.38)(-0.21, -0.17, 0.37)(-0.23, -0.16, 0.33)(-0.24, -0.16, 0.38)(-0.25, -0.18, 0.39)(-0.24, -0.18, 0.38)(-0.23, -0.18, 0.37)
(-0.19, -0.15, 0.31)(-0.19, -0.15, 0.36)(-0.17, -0.16, 0.33)(-0.14, -0.17, 0.36)(-0.12, -0.17, 0.38)(-0.10, -0.17, 0.39)(-0.18, -0.16, 0.33)(-0.16, -0.15, 0.39)(-0.17, -0.18, 0.41)(-0.17, -0.19, 0.38)(-0.17, -0.18, 0.37)(-0.19, -0.16, 0.33)(-0.19, -0.15, 0.39)(-0.19, -0.19, 0.40)(-0.18, -0.19, 0.37)(-0.18, -0.18, 0.37)(-0.20, -0.15, 0.33)(-0.20, -0.15, 0.38)(-0.21, -0.19, 0.39)(-0.20, -0.19, 0.37)(-0.19, -0.17, 0.36)(-0.21, -0.16, 0.33)(-0.22, -0.16, 0.38)(-0.23, -0.18, 0.38)(-0.21, -0.19, 0.37)(-0.20, -0.18, 0.36)
(-0.04, -0.15, 0.27)(-0.03, -0.15, 0.32)(-0.02, -0.16, 0.28)(0.02, -0.16, 0.30)(0.04, -0.16, 0.32)(0.06, -0.16, 0.33)(-0.03, -0.16, 0.29)(0.00, -0.15, 0.34)(0.00, -0.18, 0.36)(-0.01, -0.18, 0.33)(-0.01, -0.17, 0.32)(-0.04, -0.15, 0.29)(-0.02, -0.14, 0.34)(-0.02, -0.18, 0.35)(-0.02, -0.18, 0.33)(-0.02, -0.17, 0.32)(-0.05, -0.15, 0.29)(-0.04, -0.15, 0.34)(-0.04, -0.18, 0.35)(-0.04, -0.18, 0.33)(-0.03, -0.17, 0.32)(-0.06, -0.15, 0.29)(-0.06, -0.15, 0.34)(-0.06, -0.18, 0.35)(-0.05, -0.18, 0.33)(-0.05, -0.17, 0.32)
(0.00, -0.15, 0.22)(0.02, -0.14, 0.27)(0.03, -0.16, 0.23)(0.07, -0.16, 0.24)(0.10, -0.16, 0.25)(0.12, -0.16, 0.26)(0.02, -0.15, 0.24)(0.06, -0.14, 0.28)(0.07, -0.17, 0.30)(0.05, -0.18, 0.28)(0.05, -0.17, 0.27)(0.01, -0.15, 0.24)(0.04, -0.14, 0.28)(0.04, -0.17, 0.30)(0.03, -0.18, 0.28)(0.03, -0.16, 0.27)(0.00, -0.15, 0.24)(0.02, -0.14, 0.29)(0.02, -0.17, 0.31)(0.02, -0.18, 0.28)(0.02, -0.16, 0.27)(-0.01, -0.15, 0.25)(0.00, -0.14, 0.30)(0.00, -0.17, 0.31)(0.01, -0.17, 0.29)(0.01, -0.17, 0.28)
(-0.04, -0.15, 0.26)(-0.02, -0.15, 0.30)(-0.02, -0.16, 0.26)(0.03, -0.16, 0.27)(0.05, -0.16, 0.29)(0.07, -0.16, 0.28)(-0.03, -0.16, 0.27)(0.02, -0.14, 0.31)(0.03, -0.17, 0.33)(0.01, -0.18, 0.32)(0.01, -0.17, 0.30)(-0.03, -0.16, 0.27)(0.00, -0.14, 0.32)(0.00, -0.18, 0.34)(-0.01, -0.18, 0.31)(-0.01, -0.17, 0.30)(-0.04, -0.15, 0.28)(-0.02, -0.14, 0.32)(-0.02, -0.18, 0.34)(-0.02, -0.18, 0.32)(-0.02, -0.17, 0.30)(-0.05, -0.15, 0.28)(-0.04, -0.15, 0.33)(-0.04, -0.17, 0.34)(-0.03, -0.18, 0.33)(-0.03, -0.17, 0.31)
(-0.19, -0.16, 0.31)(-0.19, -0.15, 0.36)(-0.17, -0.17, 0.33)(-0.14, -0.17, 0.36)(-0.12, -0.18, 0.38)(-0.10, -0.18, 0.39)(-0.18, -0.16, 0.33)(-0.16, -0.15, 0.39)(-0.16, -0.18, 0.41)(-0.17, -0.19, 0.39)(-0.17, -0.18, 0.38)(-0.19, -0.16, 0.33)(-0.18, -0.15, 0.39)(-0.19, -0.18, 0.41)(-0.19, -0.19, 0.38)(-0.18, -0.18, 0.37)(-0.20, -0.16, 0.33)(-0.20, -0.15, 0.38)(-0.21, -0.18, 0.40)(-0.20, -0.19, 0.38)(-0.19, -0.18, 0.37)(-0.21, -0.16, 0.33)(-0.22, -0.16, 0.38)(-0.23, -0.17, 0.39)(-0.22, -0.18, 0.38)(-0.21, -0.18, 0.37)
(-0.22, -0.15, 0.32)(-0.22, -0.15, 0.37)(-0.20, -0.16, 0.34)(-0.17, -0.17, 0.37)(-0.15, -0.17, 0.39)(-0.13, -0.17, 0.40)(-0.21, -0.16, 0.34)(-0.19, -0.15, 0.40)(-0.20, -0.18, 0.42)(-0.20, -0.19, 0.39)(-0.20, -0.18, 0.38)(-0.22, -0.16, 0.34)(-0.22, -0.15, 0.39)(-0.22, -0.19, 0.41)(-0.21, -0.19, 0.38)(-0.21, -0.17, 0.37)(-0.23, -0.15, 0.34)(-0.23, -0.15, 0.39)(-0.24, -0.19, 0.40)(-0.23, -0.19, 0.38)(-0.22, -0.17, 0.37)(-0.24, -0.16, 0.34)(-0.25, -0.16, 0.38)(-0.26, -0.18, 0.39)(-0.24, -0.18, 0.38)(-0.23, -0.18, 0.37)
(-0.07, -0.14, 0.28)(-0.07, -0.14, 0.32)(-0.05, -0.15, 0.29)(-0.01, -0.15, 0.31)(0.01, -0.16, 0.33)(0.03, -0.16, 0.34)(-0.06, -0.15, 0.29)(-0.03, -0.14, 0.35)(-0.03, -0.17, 0.36)(-0.04, -0.18, 0.34)(-0.04, -0.17, 0.33)(-0.07, -0.14, 0.29)(-0.05, -0.13, 0.35)(-0.05, -0.17, 0.36)(-0.05, -0.17, 0.33)(-0.05, -0.16, 0.32)(-0.08, -0.14, 0.30)(-0.07, -0.14, 0.35)(-0.07, -0.17, 0.36)(-0.07, -0.17, 0.34)(-0.06, -0.16, 0.32)(-0.09, -0.14, 0.30)(-0.09, -0.14, 0.35)(-0.09, -0.17, 0.35)(-0.08, -0.17, 0.34)(-0.08, -0.16, 0.33)
(-0.02, -0.14, 0.23)(0.00, -0.13, 0.27)(0.01, -0.15, 0.23)(0.05, -0.15, 0.24)(0.08, -0.15, 0.26)(0.10, -0.15, 0.26)(0.00, -0.14, 0.24)(0.04, -0.13, 0.28)(0.04, -0.16, 0.30)(0.03, -0.17, 0.28)(0.02, -0.16, 0.27)(-0.01, -0.14, 0.24)(0.02, -0.13, 0.29)(0.02, -0.16, 0.31)(0.01, -0.17, 0.28)(0.01, -0.15, 0.27)(-0.02, -0.14, 0.25)(0.00, -0.13, 0.29)(0.00, -0.17, 0.31)(0.00, -0.17, 0.28)(0.00, -0.15, 0.27)(-0.03, -0.14, 0.25)(-0.02, -0.14, 0.30)(-0.02, -0.16, 0.31)(-0.02, -0.16, 0.29)(-0.01, -0.15, 0.28)
(-0.11, -0.15, 0.28)(-0.09, -0.14, 0.33)(-0.08, -0.15, 0.29)(-0.04, -0.16, 0.30)(-0.01, -0.16, 0.32)(0.01, -0.16, 0.32)(-0.09, -0.15, 0.30)(-0.05, -0.14, 0.34)(-0.05, -0.17, 0.36)(-0.06, -0.18, 0.34)(-0.07, -0.17, 0.33)(-0.10, -0.15, 0.30)(-0.07, -0.13, 0.35)(-0.07, -0.17, 0.37)(-0.08, -0.18, 0.34)(-0.08, -0.16, 0.33)(-0.11, -0.15, 0.30)(-0.09, -0.14, 0.35)(-0.09, -0.17, 0.37)(-0.09, -0.17, 0.34)(-0.09, -0.16, 0.33)(-0.12, -0.15, 0.30)(-0.11, -0.14, 0.36)(-0.11, -0.16, 0.37)(-0.11, -0.17, 0.35)(-0.10, -0.16, 0.34)
(-0.19, -0.15, 0.31)(-0.20, -0.14, 0.36)(-0.17, -0.16, 0.33)(-0.14, -0.17, 0.36)(-0.12, -0.17, 0.39)(-0.11, -0.17, 0.40)(-0.18, -0.15, 0.33)(-0.17, -0.15, 0.39)(-0.17, -0.18, 0.41)(-0.18, -0.18, 0.39)(-0.17, -0.17, 0.37)(-0.19, -0.15, 0.33)(-0.19, -0.14, 0.39)(-0.19, -0.18, 0.40)(-0.19, -0.18, 0.38)(-0.18, -0.17, 0.37)(-0.20, -0.15, 0.33)(-0.21, -0.14, 0.38)(-0.21, -0.18, 0.40)(-0.20, -0.18, 0.38)(-0.20, -0.17, 0.37)(-0.21, -0.15, 0.33)(-0.23, -0.15, 0.38)(-0.23, -0.17, 0.39)(-0.22, -0.17, 0.37)(-0.21, -0.17, 0.37)
(-0.16, -0.15, 0.31)(-0.16, -0.14, 0.36)(-0.14, -0.16, 0.33)(-0.11, -0.16, 0.36)(-0.09, -0.17, 0.38)(-0.07, -0.17, 0.39)(-0.15, -0.15, 0.33)(-0.13, -0.15, 0.39)(-0.14, -0.18, 0.40)(-0.14, -0.18, 0.38)(-0.14, -0.17, 0.37)(-0.16, -0.15, 0.33)(-0.15, -0.14, 0.38)(-0.16, -0.18, 0.40)(-0.16, -0.18, 0.37)(-0.15, -0.17, 0.36)(-0.17, -0.15, 0.33)(-0.17, -0.14, 0.38)(-0.18, -0.18, 0.39)(-0.17, -0.18, 0.37)(-0.16, -0.16, 0.36)(-0.18, -0.15, 0.33)(-0.19, -0.15, 0.38)(-0.20, -0.17, 0.38)(-0.19, -0.17, 0.37)(-0.18, -0.17, 0.36)
(-0.02, -0.14, 0.25)(-0.01, -0.14, 0.29)(0.00, -0.15, 0.26)(0.04, -0.15, 0.27)(0.06, -0.15, 0.29)(0.08, -0.15, 0.30)(-0.01, -0.15, 0.26)(0.02, -0.13, 0.31)(0.02, -0.17, 0.33)(0.01, -0.17, 0.31)(0.01, -0.16, 0.30)(-0.02, -0.14, 0.26)(0.00, -0.13, 0.32)(0.00, -0.17, 0.33)(0.00, -0.17, 0.30)(0.00, -0.15, 0.29)(-0.03, -0.14, 0.27)(-0.02, -0.13, 0.32)(-0.02, -0.17, 0.33)(-0.01, -0.17, 0.31)(-0.01, -0.15, 0.29)(-0.04, -0.14, 0.27)(-0.04, -0.14, 0.32)(-0.04, -0.16, 0.33)(-0.03, -0.17, 0.31)(-0.02, -0.16, 0.30)
(-0.02, -0.14, 0.25)(-0.01, -0.14, 0.29)(0.00, -0.15, 0.26)(0.04, -0.15, 0.27)(0.06, -0.15, 0.29)(0.08, -0.15, 0.30)(-0.01, -0.15, 0.26)(0.02, -0.13, 0.31)(0.02, -0.17, 0.33)(0.01, -0.17, 0.31)(0.01, -0.16, 0.30)(-0.02, -0.14, 0.26)(0.00, -0.13, 0.32)(0.00, -0.17, 0.33)(0.00, -0.17, 0.30)(0.00, -0.15, 0.29)(-0.03, -0.14, 0.27)(-0.02, -0.13, 0.32)(-0.02, -0.17, 0.33)(-0.01, -0.17, 0.31)(-0.01, -0.15, 0.29)(-0.04, -0.14, 0.27)(-0.04, -0.14, 0.32)(-0.04, -0.16, 0.33)(-0.03, -0.17, 0.31)(-0.02, -0.16, 0.30)
(-0.03, -0.14, 0.24)(-0.01, -0.14, 0.28)(0.00, -0.15, 0.24)(0.04, -0.15, 0.25)(0.07, -0.15, 0.26)(0.09, -0.15, 0.26)(-0.01, -0.15, 0.25)(0.03, -0.14, 0.29)(0.04, -0.17, 0.30)(0.02, -0.17, 0.29)(0.02, -0.16, 0.27)(-0.02, -0.15, 0.25)(0.01, -0.13, 0.30)(0.02, -0.17, 0.31)(0.01, -0.17, 0.28)(0.01, -0.16, 0.27)(-0.03, -0.14, 0.26)(-0.01, -0.14, 0.30)(0.00, -0.17, 0.31)(0.00, -0.17, 0.29)(-0.01, -0.16, 0.28)(-0.04, -0.15, 0.26)(-0.02, -0.15, 0.31)(-0.02, -0.17, 0.31)(-0.02, -0.17, 0.29)(-0.02, -0.16, 0.28)
(-0.18, -0.16, 0.31)(-0.18, -0.16, 0.36)(-0.16, -0.17, 0.33)(-0.12, -0.18, 0.36)(-0.10, -0.19, 0.38)(-0.09, -0.19, 0.39)(-0.17, -0.17, 0.33)(-0.15, -0.17, 0.39)(-0.15, -0.20, 0.41)(-0.16, -0.20, 0.38)(-0.16, -0.19, 0.37)(-0.18, -0.17, 0.33)(-0.17, -0.16, 0.39)(-0.18, -0.20, 0.40)(-0.17, -0.20, 0.37)(-0.17, -0.19, 0.37)(-0.19, -0.16, 0.33)(-0.19, -0.16, 0.38)(-0.20, -0.20, 0.40)(-0.19, -0.20, 0.37)(-0.18, -0.19, 0.36)(-0.20, -0.16, 0.33)(-0.21, -0.17, 0.38)(-0.21, -0.19, 0.39)(-0.20, -0.19, 0.37)(-0.19, -0.19, 0.36)
(-0.18, -0.15, 0.31)(-0.18, -0.15, 0.36)(-0.16, -0.16, 0.33)(-0.13, -0.17, 0.36)(-0.11, -0.17, 0.38)(-0.09, -0.17, 0.39)(-0.17, -0.16, 0.33)(-0.16, -0.15, 0.39)(-0.16, -0.18, 0.41)(-0.16, -0.19, 0.38)(-0.16, -0.18, 0.37)(-0.18, -0.16, 0.33)(-0.18, -0.15, 0.38)(-0.18, -0.19, 0.40)(-0.18, -0.19, 0.37)(-0.17, -0.17, 0.36)(-0.19, -0.15, 0.33)(-0.20, -0.15, 0.38)(-0.20, -0.19, 0.39)(-0.19, -0.19, 0.37)(-0.18, -0.17, 0.36)(-0.20, -0.15, 0.33)(-0.22, -0.16, 0.38)(-0.22, -0.18, 0.38)(-0.21, -0.18, 0.37)(-0.20, -0.18, 0.36)
(-0.03, -0.14, 0.26)(-0.02, -0.14, 0.30)(-0.01, -0.15, 0.27)(0.03, -0.15, 0.28)(0.06, -0.15, 0.30)(0.08, -0.16, 0.31)(-0.02, -0.15, 0.27)(0.02, -0.14, 0.32)(0.02, -0.17, 0.34)(0.01, -0.17, 0.32)(0.01, -0.16, 0.30)(-0.02, -0.14, 0.27)(0.00, -0.13, 0.32)(0.00, -0.17, 0.34)(-0.01, -0.17, 0.31)(-0.01, -0.16, 0.30)(-0.03, -0.14, 0.28)(-0.02, -0.13, 0.32)(-0.02, -0.17, 0.34)(-0.02, -0.17, 0.31)(-0.02, -0.15, 0.30)(-0.04, -0.14, 0.28)(-0.04, -0.14, 0.33)(-0.04, -0.16, 0.34)(-0.04, -0.17, 0.32)(-0.03, -0.16, 0.31)
(0.01, -0.14, 0.21)(0.03, -0.13, 0.25)(0.04, -0.15, 0.22)(0.08, -0.15, 0.22)(0.11, -0.15, 0.23)(0.13, -0.15, 0.24)(0.03, -0.14, 0.22)(0.07, -0.13, 0.26)(0.08, -0.16, 0.28)(0.06, -0.17, 0.26)(0.06, -0.16, 0.25)(0.02, -0.14, 0.23)(0.05, -0.13, 0.27)(0.06, -0.17, 0.28)(0.05, -0.17, 0.26)(0.05, -0.15, 0.25)(0.01, -0.14, 0.23)(0.04, -0.13, 0.28)(0.04, -0.17, 0.29)(0.04, -0.17, 0.26)(0.04, -0.15, 0.25)(0.00, -0.14, 0.23)(0.02, -0.14, 0.28)(0.02, -0.16, 0.29)(0.02, -0.16, 0.27)(0.02, -0.15, 0.26)
(-0.10, -0.15, 0.27)(-0.07, -0.15, 0.31)(-0.07, -0.16, 0.28)(-0.03, -0.17, 0.29)(0.00, -0.17, 0.30)(0.02, -0.17, 0.30)(-0.08, -0.16, 0.28)(-0.03, -0.15, 0.33)(-0.03, -0.18, 0.35)(-0.04, -0.19, 0.33)(-0.05, -0.18, 0.32)(-0.08, -0.16, 0.29)(-0.05, -0.14, 0.33)(-0.05, -0.18, 0.35)(-0.06, -0.19, 0.33)(-0.06, -0.17, 0.32)(-0.09, -0.15, 0.29)(-0.07, -0.15, 0.34)(-0.07, -0.18, 0.36)(-0.07, -0.18, 0.34)(-0.07, -0.17, 0.32)(-0.10, -0.15, 0.30)(-0.09, -0.15, 0.35)(-0.09, -0.17, 0.36)(-0.09, -0.18, 0.34)(-0.08, -0.17, 0.33)
(-0.20, -0.16, 0.32)(-0.20, -0.16, 0.37)(-0.18, -0.17, 0.33)(-0.15, -0.18, 0.36)(-0.13, -0.18, 0.38)(-0.11, -0.18, 0.39)(-0.19, -0.17, 0.34)(-0.17, -0.16, 0.39)(-0.18, -0.19, 0.41)(-0.18, -0.20, 0.39)(-0.18, -0.19, 0.38)(-0.20, -0.16, 0.34)(-0.19, -0.16, 0.39)(-0.20, -0.20, 0.41)(-0.19, -0.20, 0.38)(-0.19, -0.18, 0.37)(-0.21, -0.16, 0.34)(-0.21, -0.16, 0.39)(-0.22, -0.19, 0.40)(-0.21, -0.20, 0.38)(-0.20, -0.18, 0.37)(-0.22, -0.16, 0.33)(-0.23, -0.17, 0.38)(-0.24, -0.18, 0.39)(-0.23, -0.19, 0.38)(-0.22, -0.18, 0.37)
(-0.20, -0.16, 0.32)(-0.20, -0.16, 0.37)(-0.18, -0.17, 0.33)(-0.15, -0.18, 0.36)(-0.13, -0.18, 0.38)(-0.11, -0.18, 0.39)(-0.19, -0.17, 0.34)(-0.17, -0.16, 0.39)(-0.18, -0.19, 0.41)(-0.18, -0.20, 0.39)(-0.18, -0.19, 0.38)(-0.20, -0.16, 0.34)(-0.19, -0.16, 0.39)(-0.20, -0.20, 0.41)(-0.19, -0.20, 0.38)(-0.19, -0.18, 0.37)(-0.21, -0.16, 0.34)(-0.21, -0.16, 0.39)(-0.22, -0.19, 0.40)(-0.21, -0.20, 0.38)(-0.20, -0.18, 0.37)(-0.22, -0.16, 0.33)(-0.23, -0.17, 0.38)(-0.24, -0.18, 0.39)(-0.23, -0.19, 0.38)(-0.22, -0.18, 0.37)
(-0.15, -0.16, 0.31)(-0.16, -0.16, 0.36)(-0.13, -0.17, 0.33)(-0.10, -0.17, 0.35)(-0.08, -0.18, 0.38)(-0.07, -0.18, 0.39)(-0.14, -0.16, 0.33)(-0.13, -0.16, 0.39)(-0.13, -0.19, 0.40)(-0.14, -0.20, 0.38)(-0.13, -0.19, 0.37)(-0.15, -0.16, 0.33)(-0.15, -0.15, 0.38)(-0.15, -0.19, 0.40)(-0.15, -0.20, 0.37)(-0.14, -0.18, 0.36)(-0.16, -0.16, 0.33)(-0.17, -0.16, 0.38)(-0.17, -0.19, 0.39)(-0.16, -0.19, 0.37)(-0.16, -0.18, 0.36)(-0.17, -0.16, 0.32)(-0.19, -0.16, 0.37)(-0.19, -0.18, 0.38)(-0.18, -0.19, 0.37)(-0.17, -0.18, 0.36)
(0.01, -0.15, 0.22)(0.03, -0.14, 0.27)(0.04, -0.16, 0.23)(0.08, -0.16, 0.25)(0.10, -0.17, 0.26)(0.12, -0.17, 0.27)(0.03, -0.15, 0.24)(0.07, -0.14, 0.28)(0.07, -0.17, 0.30)(0.06, -0.18, 0.28)(0.05, -0.17, 0.27)(0.02, -0.15, 0.24)(0.05, -0.14, 0.29)(0.05, -0.18, 0.30)(0.04, -0.18, 0.28)(0.04, -0.16, 0.27)(0.01, -0.15, 0.25)(0.03, -0.14, 0.29)(0.03, -0.18, 0.30)(0.03, -0.18, 0.28)(0.03, -0.16, 0.27)(0.00, -0.15, 0.25)(0.01, -0.15, 0.30)(0.01, -0.17, 0.30)(0.01, -0.17, 0.29)(0.02, -0.17, 0.27)
(-0.02, -0.14, 0.22)(0.01, -0.14, 0.26)(0.01, -0.15, 0.23)(0.06, -0.15, 0.23)(0.08, -0.15, 0.24)(0.10, -0.15, 0.24)(0.00, -0.15, 0.23)(0.05, -0.13, 0.27)(0.06, -0.17, 0.29)(0.04, -0.17, 0.27)(0.03, -0.16, 0.26)(0.00, -0.14, 0.24)(0.03, -0.13, 0.28)(0.03, -0.17, 0.29)(0.02, -0.17, 0.27)(0.02, -0.16, 0.26)(-0.01, -0.14, 0.24)(0.01, -0.13, 0.29)(0.01, -0.17, 0.30)(0.01, -0.17, 0.27)(0.01, -0.16, 0.26)(-0.02, -0.14, 0.25)(-0.01, -0.14, 0.29)(0.00, -0.16, 0.30)(0.00, -0.17, 0.28)(0.00, -0.16, 0.27)
(-0.14, -0.15, 0.31)(-0.13, -0.15, 0.35)(-0.11, -0.16, 0.32)(-0.07, -0.17, 0.33)(-0.05, -0.17, 0.35)(-0.03, -0.17, 0.35)(-0.12, -0.16, 0.32)(-0.09, -0.15, 0.37)(-0.09, -0.18, 0.39)(-0.10, -0.19, 0.37)(-0.10, -0.18, 0.36)(-0.13, -0.15, 0.33)(-0.11, -0.14, 0.38)(-0.11, -0.18, 0.40)(-0.11, -0.18, 0.37)(-0.11, -0.17, 0.36)(-0.14, -0.15, 0.33)(-0.13, -0.15, 0.38)(-0.13, -0.18, 0.40)(-0.13, -0.18, 0.38)(-0.12, -0.17, 0.36)(-0.15, -0.15, 0.33)(-0.15, -0.15, 0.38)(-0.15, -0.17, 0.40)(-0.14, -0.18, 0.38)(-0.14, -0.17, 0.37)
(-0.19, -0.15, 0.32)(-0.19, -0.15, 0.37)(-0.17, -0.17, 0.34)(-0.13, -0.17, 0.36)(-0.11, -0.18, 0.39)(-0.10, -0.18, 0.40)(-0.18, -0.16, 0.34)(-0.16, -0.16, 0.40)(-0.17, -0.19, 0.41)(-0.17, -0.19, 0.39)(-0.17, -0.18, 0.38)(-0.18, -0.16, 0.34)(-0.18, -0.15, 0.39)(-0.19, -0.19, 0.41)(-0.18, -0.19, 0.38)(-0.18, -0.18, 0.37)(-0.20, -0.15, 0.34)(-0.20, -0.15, 0.39)(-0.21, -0.18, 0.40)(-0.20, -0.19, 0.38)(-0.19, -0.17, 0.37)(-0.20, -0.15, 0.33)(-0.22, -0.15, 0.38)(-0.22, -0.17, 0.40)(-0.22, -0.18, 0.38)(-0.21, -0.18, 0.37)
(-0.10, -0.15, 0.29)(-0.10, -0.14, 0.34)(-0.08, -0.16, 0.31)(-0.04, -0.16, 0.34)(-0.02, -0.17, 0.36)(-0.01, -0.17, 0.37)(-0.09, -0.15, 0.31)(-0.07, -0.15, 0.37)(-0.07, -0.18, 0.39)(-0.08, -0.18, 0.37)(-0.08, -0.17, 0.35)(-0.10, -0.15, 0.31)(-0.09, -0.14, 0.37)(-0.09, -0.18, 0.38)(-0.09, -0.18, 0.36)(-0.09, -0.17, 0.35)(-0.11, -0.15, 0.31)(-0.11, -0.14, 0.37)(-0.11, -0.18, 0.38)(-0.11, -0.18, 0.36)(-0.10, -0.17, 0.35)(-0.12, -0.15, 0.31)(-0.13, -0.15, 0.36)(-0.13, -0.17, 0.37)(-0.12, -0.17, 0.36)(-0.11, -0.17, 0.35)
(0.02, -0.14, 0.23)(0.04, -0.14, 0.27)(0.05, -0.15, 0.24)(0.09, -0.16, 0.25)(0.12, -0.16, 0.26)(0.14, -0.16, 0.26)(0.04, -0.15, 0.24)(0.08, -0.14, 0.29)(0.08, -0.17, 0.30)(0.07, -0.17, 0.28)(0.06, -0.16, 0.27)(0.03, -0.14, 0.24)(0.06, -0.13, 0.29)(0.06, -0.17, 0.31)(0.05, -0.17, 0.28)(0.05, -0.16, 0.27)(0.02, -0.14, 0.25)(0.04, -0.14, 0.29)(0.04, -0.17, 0.31)(0.04, -0.17, 0.28)(0.04, -0.16, 0.27)(0.01, -0.14, 0.25)(0.02, -0.14, 0.30)(0.02, -0.16, 0.31)(0.02, -0.17, 0.29)(0.03, -0.16, 0.28)
(-0.02, -0.15, 0.24)(0.01, -0.14, 0.28)(0.01, -0.15, 0.24)(0.05, -0.16, 0.25)(0.08, -0.16, 0.26)(0.10, -0.16, 0.26)(0.00, -0.15, 0.25)(0.05, -0.14, 0.29)(0.05, -0.17, 0.31)(0.04, -0.18, 0.29)(0.03, -0.17, 0.28)(-0.01, -0.15, 0.25)(0.03, -0.14, 0.30)(0.03, -0.18, 0.31)(0.02, -0.18, 0.29)(0.02, -0.16, 0.28)(-0.02, -0.15, 0.26)(0.01, -0.14, 0.31)(0.01, -0.18, 0.32)(0.01, -0.18, 0.29)(0.01, -0.16, 0.28)(-0.02, -0.15, 0.26)(-0.01, -0.15, 0.31)(-0.01, -0.17, 0.32)(-0.01, -0.17, 0.30)(0.00, -0.17, 0.29)
(-0.14, -0.16, 0.30)(-0.13, -0.16, 0.35)(-0.11, -0.17, 0.32)(-0.07, -0.17, 0.33)(-0.05, -0.18, 0.35)(-0.03, -0.17, 0.36)(-0.12, -0.17, 0.32)(-0.09, -0.16, 0.37)(-0.09, -0.19, 0.39)(-0.10, -0.20, 0.37)(-0.10, -0.19, 0.36)(-0.13, -0.17, 0.32)(-0.11, -0.16, 0.38)(-0.11, -0.19, 0.39)(-0.11, -0.20, 0.36)(-0.11, -0.18, 0.35)(-0.14, -0.16, 0.33)(-0.13, -0.16, 0.38)(-0.13, -0.19, 0.39)(-0.13, -0.20, 0.37)(-0.13, -0.18, 0.35)(-0.15, -0.17, 0.33)(-0.15, -0.17, 0.38)(-0.15, -0.19, 0.39)(-0.15, -0.19, 0.37)(-0.14, -0.19, 0.36)

